baseline_loss,entropy_loss,mean_episode_return,pg_loss,total_loss,frame
0.026248348876833916,-0.013554882258176804,0.0,0.40854600071907043,0.4212394654750824,2400
17.413272857666016,-0.45889759063720703,0.0,0.43365052342414856,17.38802719116211,8800
2.270894765853882,-0.7948298454284668,0.0,-1.0497539043426514,0.42631101608276367,20000
2.6488053798675537,-0.7887092232704163,0.0,0.8743659853935242,2.734462261199951,29600
1.4219633340835571,-0.9506503939628601,0.0,0.697260320186615,1.1685731410980225,40000
0.39302003383636475,-1.0789589881896973,0.0,0.591038167476654,-0.09490078687667847,50400
0.13458678126335144,-1.2385388612747192,0.0,-0.03081498295068741,-1.1347670555114746,60800
0.29878583550453186,-1.2332191467285156,0.0,-1.1235318183898926,-2.0579652786254883,70400
0.10969292372465134,-1.2724645137786865,0.0,1.3559532165527344,0.19318163394927979,80800
0.4347854256629944,-1.2764506340026855,0.0,1.9061167240142822,1.0644514560699463,92000
0.17663447558879852,-1.2855117321014404,0.0,-5.779047012329102,-6.8879241943359375,101600
0.17034101486206055,-1.2952817678451538,0.0,1.0237232446670532,-0.10121750831604004,112000
0.07308140397071838,-1.2955574989318848,0.0,-1.0263752937316895,-2.2488512992858887,122400
0.05723421275615692,-1.326581358909607,0.0,1.0319355726242065,-0.23741161823272705,133600
0.5920924544334412,-1.3297007083892822,1.5714285373687744,12.016796112060547,11.27918815612793,144000
0.2010897547006607,-1.3361157178878784,0.0,2.450072765350342,1.3150469064712524,153600
0.0858691856265068,-1.339748501777649,0.0,-10.69938850402832,-11.953268051147461,164800
0.04712448641657829,-1.3394461870193481,0.0,-4.681442737579346,-5.973764419555664,175200
0.01660669408738613,-1.3447093963623047,0.25,0.7423393130302429,-0.5857633948326111,184800
0.03483212739229202,-1.3345227241516113,0.0,-0.05475765839219093,-1.3544481992721558,195200
0.19351790845394135,-1.3455897569656372,3.6666667461395264,1.552801251411438,0.4007294178009033,206400
0.018500937148928642,-1.340399146080017,0.0,-0.828191339969635,-2.1500895023345947,216800
0.07995100319385529,-1.3408902883529663,0.0,-7.730372428894043,-8.991312026977539,226400
0.6958824992179871,-1.3412107229232788,3.6666667461395264,8.42026138305664,7.774933338165283,237600
0.02793891169130802,-1.338311791419983,0.0,-2.690462112426758,-4.000834941864014,248000
0.671341598033905,-1.3463079929351807,4.0,11.369592666625977,10.694626808166504,257600
0.012223102152347565,-1.340214490890503,0.5,0.3543815016746521,-0.9736099243164062,268000
0.07414385676383972,-1.3395823240280151,0.0,-3.2309014797210693,-4.496339797973633,278400
0.012437918223440647,-1.3431342840194702,0.0,-1.572801947593689,-2.9034981727600098,288800
0.46360260248184204,-1.3418422937393188,11.0,9.62629508972168,8.748055458068848,298400
0.013397272676229477,-1.3419992923736572,0.0,-0.17072054743766785,-1.499322533607483,308800
0.016665257513523102,-1.3445733785629272,0.0,-4.156676292419434,-5.484584331512451,319200
0.12158485502004623,-1.3331856727600098,0.0,-11.304677963256836,-12.516279220581055,329600
0.010838068090379238,-1.3399779796600342,0.0,0.132741317152977,-1.1963986158370972,340000
0.5574122667312622,-1.3443856239318848,0.5,9.804348945617676,9.017375946044922,351200
0.0070220958441495895,-1.3444504737854004,0.0,-2.7124359607696533,-4.049864292144775,360800
0.0074858032166957855,-1.3418400287628174,0.0,-0.06853251159191132,-1.4028867483139038,371200
0.13364356756210327,-1.3437767028808594,0.0,-14.600570678710938,-15.810704231262207,381600
0.004213872831314802,-1.3439191579818726,0.0,-2.2994296550750732,-3.6391348838806152,392000
0.5946762561798096,-1.343041181564331,0.75,6.801699638366699,6.0533342361450195,402400
0.006800273433327675,-1.3442692756652832,0.0,-0.01818077638745308,-1.3556498289108276,412800
0.3344168961048126,-1.3406472206115723,0.0,5.440122604370117,4.433892250061035,424000
0.003592338180169463,-1.338945746421814,0.0,-0.3842950165271759,-1.7196483612060547,433600
0.28355109691619873,-1.334566354751587,3.6666667461395264,1.8744101524353027,0.8233950138092041,444000
0.0016537188785150647,-1.3402541875839233,0.0,0.01482967846095562,-1.3237707614898682,454400
0.0034877511207014322,-1.343445062637329,0.0,-1.5582488775253296,-2.8982062339782715,464800
0.03278496861457825,-1.3415113687515259,0.0,-6.394543170928955,-7.7032694816589355,475200
0.010002529248595238,-1.3424303531646729,0.5,-3.179684638977051,-4.512112617492676,485600
0.7939289212226868,-1.3417550325393677,3.6666667461395264,0.4428386092185974,-0.1049875020980835,496800
0.00865304097533226,-1.3432203531265259,0.0,-2.4306914806365967,-3.7652587890625,506400
0.009263700805604458,-1.3454126119613647,0.0,-2.2592434883117676,-3.5953922271728516,516800
0.3878774046897888,-1.3455936908721924,5.5,3.516894578933716,2.559178352355957,527200
0.0024205748923122883,-1.3431224822998047,1.0,-0.6756068468093872,-2.0163087844848633,537600
0.00712876720353961,-1.3441333770751953,0.6666666865348816,-2.6767473220825195,-4.013751983642578,547200
0.3999721109867096,-1.3431317806243896,0.0,8.412510871887207,7.469350814819336,557600
0.03492293879389763,-1.3450872898101807,0.0,-6.647306442260742,-7.957470893859863,568800
0.005094058811664581,-1.3439981937408447,0.0,-1.440711259841919,-2.7796154022216797,578400
0.01660236530005932,-1.3437671661376953,0.3333333432674408,-3.9797260761260986,-5.306890964508057,588000
0.23627012968063354,-1.3450284004211426,1.0,1.7543877363204956,0.6456294059753418,599200
0.021108316257596016,-1.3407658338546753,0.0,-6.304749965667725,-7.624407768249512,608800
0.18826299905776978,-1.3398590087890625,1.0,-7.882955074310303,-9.034551620483398,619200
0.002665836364030838,-1.3401883840560913,0.0,-1.1220693588256836,-2.459591865539551,629600
0.5715467929840088,-1.34116792678833,0.5,7.997274398803711,7.2276530265808105,640000
0.0038717370480298996,-1.3397151231765747,0.0,-1.362534761428833,-2.698378086090088,650400
0.024437710642814636,-1.340488076210022,1.0,-7.026198387145996,-8.342248916625977,660800
0.30796000361442566,-1.3375303745269775,0.25,-4.001241683959961,-5.0308122634887695,671200
1.3731107711791992,-1.338676929473877,3.0,15.2792387008667,15.31367301940918,681600
0.00251216278411448,-1.3411823511123657,0.0,-1.3722846508026123,-2.7109546661376953,691200
0.028913622722029686,-1.3433687686920166,0.0,-8.003788948059082,-9.318243980407715,702400
0.003589857369661331,-1.3430804014205933,0.3333333432674408,-2.3361599445343018,-3.6756505966186523,712800
0.000647131004370749,-1.3450400829315186,0.0,-0.38261914253234863,-1.7270121574401855,722400
0.01154345739632845,-1.3456008434295654,0.5,0.7130231261253357,-0.6210342645645142,733600
0.00901242345571518,-1.3445407152175903,0.0,-3.664813280105591,-5.000341415405273,744000
0.008406245149672031,-1.343447208404541,0.0,-3.565654993057251,-4.90069580078125,754400
0.009901214390993118,-1.3440123796463013,0.5,-4.4485344886779785,-5.7826457023620605,764000
0.34634846448898315,-1.342529535293579,0.25,-1.039843201637268,-2.036024332046509,775200
0.014318437315523624,-1.3421685695648193,0.3333333432674408,-4.6961350440979,-6.023984909057617,785600
0.5655011534690857,-1.3402905464172363,1.0,-1.619752287864685,-2.3945417404174805,796000
0.008117828518152237,-1.3371087312698364,0.0,-3.984546184539795,-5.313537120819092,806400
0.68784099817276,-1.334682583808899,0.3333333432674408,7.1971211433410645,6.55027961730957,816800
0.36784374713897705,-1.335111379623413,11.0,4.920732021331787,3.9534642696380615,827200
0.023548193275928497,-1.33992600440979,0.0,-6.492213249206543,-7.808590888977051,837600
1.5228078365325928,-1.3408781290054321,12.0,25.49224090576172,25.674171447753906,848800
0.04419992119073868,-1.3424161672592163,0.0,-9.523062705993652,-10.82127857208252,858400
0.15972183644771576,-1.3427125215530396,2.75,-2.401719331741333,-3.584710121154785,868800
0.5028027296066284,-1.3430134057998657,0.0,8.409377098083496,7.569166660308838,879200
0.0016094599850475788,-1.3410038948059082,0.5,-1.5525848865509033,-2.891979217529297,889600
0.5692915320396423,-1.342293620109558,1.8333333730697632,8.46216869354248,7.689166069030762,900000
0.025042561814188957,-1.343983769416809,0.0,-6.922056198120117,-8.240997314453125,910400
0.25183340907096863,-1.34758460521698,0.6666666865348816,-1.6204196214675903,-2.7161707878112793,920800
0.3317561447620392,-1.3467921018600464,2.75,0.7245516180992126,-0.29048430919647217,931200
0.559228241443634,-1.3473379611968994,6.0,8.055035591125488,7.266925811767578,940800
0.5715100169181824,-1.3490886688232422,0.0,5.255751609802246,4.478172779083252,952000
0.013509518466889858,-1.347993016242981,1.0,-5.374154090881348,-6.708637237548828,962400
0.031724486500024796,-1.348577857017517,0.5,-7.842980861663818,-9.159833908081055,972000
0.3842579126358032,-1.3446235656738281,0.0,1.6240228414535522,0.6636571884155273,983200
0.018415091559290886,-1.3455215692520142,0.0,-5.652406215667725,-6.979512691497803,992800
0.0019231068436056376,-1.346742868423462,0.0,-1.801875352859497,-3.146695137023926,1003200
0.06040650233626366,-1.3481777906417847,1.0,-0.9096357226371765,-2.1974070072174072,1014400
0.40412241220474243,-1.3457926511764526,0.5,3.6868700981140137,2.745199680328369,1024800
0.4710863530635834,-1.3452661037445068,0.0,5.868730545043945,4.994550704956055,1034400
0.012359997257590294,-1.3451545238494873,0.0,-5.3043341636657715,-6.637128829956055,1044800
0.4224337637424469,-1.3452074527740479,2.75,5.436628341674805,4.51385498046875,1056000
0.007585560437291861,-1.3445875644683838,0.5,-2.7577450275421143,-4.094747066497803,1065600
0.28654640913009644,-1.344954252243042,4.333333492279053,3.4957685470581055,2.4373607635498047,1076000
0.0217888243496418,-1.3435146808624268,0.0,-7.450289726257324,-8.772015571594238,1087200
0.0019289270276203752,-1.345025897026062,0.0,-2.1549463272094727,-3.4980430603027344,1096800
0.5963895320892334,-1.3422482013702393,0.0,4.105353832244873,3.359494924545288,1107200
0.015152012929320335,-1.3411011695861816,0.0,-6.091676712036133,-7.417625904083252,1118400
0.029174717143177986,-1.3453096151351929,0.0,-8.208354949951172,-9.524489402770996,1128800
0.02165677584707737,-1.344809651374817,0.25,-6.6013569831848145,-7.924509525299072,1139200
0.19403064250946045,-1.3440181016921997,5.5,-3.536160707473755,-4.686148166656494,1150400
0.5326818227767944,-1.3453330993652344,11.0,7.646315574645996,6.8336639404296875,1160800
5.932516432949342e-05,-1.346173882484436,0.5,-0.05770755186676979,-1.4038220643997192,1171200
0.008452662266790867,-1.3413571119308472,0.5,-3.5497922897338867,-4.882696628570557,1181600
0.002893103752285242,-1.3444737195968628,0.5,-2.365168809890747,-3.706749439239502,1192800
0.43286797404289246,-1.3455419540405273,0.0,4.75430965423584,3.8416357040405273,1203200
0.0050147585570812225,-1.3444498777389526,0.0,-3.1955549716949463,-4.534990310668945,1213600
0.5349122285842896,-1.3456265926361084,4.0,4.517075061798096,3.7063605785369873,1224800
1.1883161067962646,-1.344259262084961,2.4000000953674316,8.472501754760742,8.316558837890625,1235200
0.39295026659965515,-1.3454852104187012,0.0,1.8339723348617554,0.8814373016357422,1245600
0.000675267307087779,-1.3451005220413208,0.0,-0.8514828085899353,-2.1959080696105957,1256800
0.0027899357955902815,-1.3471368551254272,0.0,-2.3083369731903076,-3.652683734893799,1267200
0.19351868331432343,-1.3487008810043335,0.0,-2.4878127574920654,-3.6429948806762695,1277600
0.6903647780418396,-1.349194049835205,0.5,11.711679458618164,11.052850723266602,1288800
0.010639281012117863,-1.348671555519104,0.0,-4.736900329589844,-6.07493257522583,1299200
0.4425022006034851,-1.3497527837753296,0.0,5.219841003417969,4.3125901222229,1309600
0.31688031554222107,-1.3498705625534058,0.5,-0.34481069445610046,-1.3778009414672852,1320000
0.5055937767028809,-1.3505783081054688,0.0,3.101630687713623,2.256646156311035,1331200
0.35825788974761963,-1.3488521575927734,0.3333333432674408,2.197720527648926,1.2071261405944824,1340800
0.6794532537460327,-1.3489755392074585,0.0,4.925729751586914,4.256207466125488,1351200
2.643995523452759,-1.3500112295150757,5.5,28.220495223999023,29.51447868347168,1362400
0.5049066543579102,-1.3493938446044922,5.5,9.081263542175293,8.236776351928711,1372800
0.008836722932755947,-1.3492578268051147,0.0,-4.195674896240234,-5.536096096038818,1383200
0.011601828038692474,-1.3504055738449097,0.0,-5.1204142570495605,-6.4592180252075195,1394400
0.006587114650756121,-1.3504916429519653,0.0,-3.575483560562134,-4.919388294219971,1404800
9.752042387844995e-05,-1.35080087184906,0.4000000059604645,-0.34488824009895325,-1.6955915689468384,1415200
0.5498836040496826,-1.3504022359848022,0.5,7.001984119415283,6.201465129852295,1426400
0.0045026917941868305,-1.3497679233551025,0.0,-3.0662593841552734,-4.411524772644043,1437600
0.9534181952476501,-1.3500480651855469,2.75,16.3350887298584,15.938459396362305,1448000
0.0015048192581161857,-1.3487004041671753,0.0,-1.7956547737121582,-3.142850399017334,1458400
0.4277351498603821,-1.3494987487792969,5.5,4.8837175369262695,3.961954116821289,1469600
0.47463342547416687,-1.349217176437378,0.0,5.512591361999512,4.638007164001465,1480000
0.0006096867728047073,-1.3493328094482422,0.0,-1.0472310781478882,-2.395954132080078,1490400
3.812233262578957e-05,-1.3488932847976685,0.0,-0.2627195119857788,-1.611574649810791,1500800
0.14959751069545746,-1.3481169939041138,3.6666667461395264,-2.1938610076904297,-3.392380714416504,1512000
0.005817187484353781,-1.3481791019439697,0.0,-3.450979232788086,-4.793341159820557,1522400
0.038279835134744644,-1.3442641496658325,0.0,-7.992239952087402,-9.298224449157715,1532800
0.0001196250450448133,-1.342385172843933,0.0,-0.4751984477043152,-1.817463994026184,1544000
1.5203882455825806,-1.3438513278961182,4.0,24.336450576782227,24.51298713684082,1554400
0.002247341675683856,-1.3441773653030396,0.0,-1.9285385608673096,-3.2704687118530273,1564800
0.003941726870834827,-1.341584324836731,0.0,-2.1385653018951416,-3.476207733154297,1576000
0.0026448844000697136,-1.3419511318206787,0.0,-2.1319379806518555,-3.4712443351745605,1586400
0.36319395899772644,-1.3457931280136108,0.0,1.3202447891235352,0.33764564990997314,1596800
0.0022964742965996265,-1.3461205959320068,0.0,-2.248887777328491,-3.592711925506592,1607200
2.1611218452453613,-1.3465297222137451,11.0,26.822355270385742,27.636947631835938,1618400
1.2763398885726929,-1.34565269947052,11.333333015441895,21.479976654052734,21.410663604736328,1628800
0.06657980382442474,-1.3437726497650146,0.5,-11.435368537902832,-12.71256160736084,1639200
0.3610598146915436,-1.345125436782837,0.25,-0.3290276527404785,-1.3130933046340942,1650400
0.002748520113527775,-1.3459745645523071,0.0,-2.3250129222869873,-3.668239116668701,1660800
0.18456493318080902,-1.3473854064941406,2.200000047683716,0.17957092821598053,-0.9832495450973511,1671200
0.9500817060470581,-1.3480688333511353,5.5,13.675411224365234,13.277423858642578,1682400
0.021162226796150208,-1.3489145040512085,0.0,-5.803657054901123,-7.131409645080566,1692800
2.922168278018944e-05,-1.3495814800262451,0.0,-0.2450077384710312,-1.5945600271224976,1703200
0.015854012221097946,-1.3500758409500122,0.5,-5.723042011260986,-7.0572638511657715,1713600
0.00811437051743269,-1.3506686687469482,0.0,-3.9750125408172607,-5.317566871643066,1724800
1.0550734996795654,-1.3509892225265503,5.5,9.151450157165527,8.855534553527832,1735200
0.0017949591856449842,-1.3507332801818848,0.0,-1.9452472925186157,-3.2941856384277344,1745600
0.0011950153857469559,-1.3511954545974731,0.0,-1.6114979982376099,-2.961498260498047,1756800
0.023403750732541084,-1.3508836030960083,1.0,-7.178192138671875,-8.505672454833984,1767200
0.5661814212799072,-1.3513805866241455,0.0,6.317027568817139,5.531828880310059,1777600
0.0038487273268401623,-1.3512377738952637,0.0,-2.953789234161377,-4.301177978515625,1788000
0.017448050901293755,-1.3518303632736206,0.0,-6.050899505615234,-7.385282039642334,1799200
0.06205542013049126,-1.350664496421814,0.0,-10.865602493286133,-12.154211044311523,1809600
0.01529096718877554,-1.3511842489242554,0.5,-5.793952941894531,-7.129846572875977,1820000
0.47475019097328186,-1.3502808809280396,5.5,2.304337978363037,1.4288073778152466,1831200
0.52616947889328,-1.3497244119644165,2.75,2.589712381362915,1.7661575078964233,1841600
0.7563127875328064,-1.3493461608886719,3.6666667461395264,10.391822814941406,9.798789024353027,1852000
0.004085474647581577,-1.3485355377197266,0.0,-2.9027652740478516,-4.247215270996094,1864000
0.009469572454690933,-1.3483390808105469,0.5,-4.492342472076416,-5.831212043762207,1874400
0.014629356563091278,-1.3482273817062378,0.0,-6.034482002258301,-7.368080139160156,1884800
0.4500994384288788,-1.3481119871139526,0.0,1.2770670652389526,0.37905454635620117,1895200
0.5435201525688171,-1.3474262952804565,6.0,3.2448596954345703,2.4409537315368652,1907200
0.0070779998786747456,-1.3487685918807983,0.0,-3.9124982357025146,-5.2541890144348145,1916800
0.5336288809776306,-1.3491199016571045,0.0,10.712445259094238,9.896953582763672,1928000
0.2231713980436325,-1.3418309688568115,0.5,-2.5265250205993652,-3.6451845169067383,1938400
1.2058392763137817,-1.3503233194351196,3.0,9.703274726867676,9.55879020690918,1949600
0.012686576694250107,-1.3495962619781494,0.0,-5.043071746826172,-6.37998104095459,1960000
0.5308985114097595,-1.349359393119812,3.6666667461395264,1.7464183568954468,0.9279574155807495,1970400
0.2682268023490906,-1.3483787775039673,0.25,0.12290502339601517,-0.9572469592094421,1981600
0.007343337871134281,-1.3496019840240479,0.0,-4.251448154449463,-5.593707084655762,1992000
0.6877307891845703,-1.349223017692566,1.0,7.279812812805176,6.618320465087891,2002400
0.013088795356452465,-1.3496302366256714,0.0,-5.364078044891357,-6.700619697570801,2012800
0.010958979837596416,-1.349618911743164,0.0,-4.915012836456299,-6.2536725997924805,2024000
0.09487195312976837,-1.3496209383010864,0.0,-13.803979873657227,-15.05872917175293,2034400
0.7487194538116455,-1.348401665687561,2.200000047683716,5.624680519104004,5.024998188018799,2044800
0.02738161012530327,-1.347145676612854,0.0,-7.843486785888672,-9.163250923156738,2056000
0.006642624270170927,-1.3471142053604126,0.0,-3.882425546646118,-5.222897052764893,2066400
0.781813383102417,-1.3464133739471436,0.0,10.255172729492188,9.690572738647461,2076800
0.8255558609962463,-1.3489189147949219,5.5,10.761137008666992,10.237773895263672,2087200
0.009714029729366302,-1.3503080606460571,0.0,-4.483863353729248,-5.824457168579102,2098400
0.4111504554748535,-1.3502761125564575,4.0,0.7053079605102539,-0.2338176965713501,2108000
0.016358381137251854,-1.3498269319534302,0.0,-5.652421951293945,-6.9858903884887695,2119200
0.8844603896141052,-1.3493255376815796,0.0,8.811721801757812,8.346857070922852,2130400
0.023936934769153595,-1.3490417003631592,0.0,-7.734008312225342,-9.059113502502441,2140000
0.7582026720046997,-1.3490371704101562,2.5999999046325684,6.823300361633301,6.232465744018555,2150400
0.4955126941204071,-1.3492929935455322,0.5,3.7236990928649902,2.8699185848236084,2161600
0.6157006621360779,-1.34905207157135,0.3333333432674408,4.974156379699707,4.240805149078369,2172800
0.00433354964479804,-1.3497430086135864,0.0,-3.30914568901062,-4.654555320739746,2183200
0.003122048918157816,-1.3496640920639038,0.0,-2.5804967880249023,-3.9270386695861816,2194400
0.010976067744195461,-1.3499715328216553,0.0,-4.897966384887695,-6.23696231842041,2204800
0.673764169216156,-1.3496990203857422,0.0,4.534738540649414,3.8588037490844727,2215200
0.013488687574863434,-1.3494491577148438,0.0,-5.390318393707275,-6.726278781890869,2225600
0.0002746509562712163,-1.348723292350769,1.0,-0.7409614324569702,-2.0894100666046143,2237600
0.0462578684091568,-1.3501330614089966,0.0,-9.820587158203125,-11.124462127685547,2247200
0.011413384228944778,-1.3503292798995972,0.0,-5.232193470001221,-6.571109294891357,2257600
0.3064901828765869,-1.3500466346740723,0.0,-0.5939985513687134,-1.6375550031661987,2268800
0.0122897420078516,-1.351040005683899,0.0,-5.517842769622803,-6.856593132019043,2279200
0.7594298720359802,-1.3511910438537598,0.0,5.734457015991211,5.142695903778076,2289600
0.004722691606730223,-1.3509591817855835,0.0,-3.394033670425415,-4.740270137786865,2300000
0.034456517547369,-1.3497365713119507,0.0,-8.6619291305542,-9.977209091186523,2311200
0.4274374544620514,-1.349426031112671,0.3333333432674408,-1.7790937423706055,-2.701082229614258,2321600
0.3220151364803314,-1.348927617073059,3.6666667461395264,-1.1924896240234375,-2.2194020748138428,2332000
0.0074802301824092865,-1.349381685256958,0.0,-3.9762442111968994,-5.318145751953125,2343200
0.008848030120134354,-1.3495519161224365,0.0,-4.4340434074401855,-5.774746894836426,2353600
0.010378495790064335,-1.3494807481765747,0.0,-4.914466381072998,-6.253568649291992,2364000
0.005430599208921194,-1.349387288093567,0.0,-3.322251558303833,-4.666208267211914,2375200
0.5204887986183167,-1.3499412536621094,3.142857074737549,-0.20186865329742432,-1.0313210487365723,2385600
0.013275915756821632,-1.3484779596328735,0.0,-5.79046106338501,-7.125662803649902,2396000
0.8750578165054321,-1.3488452434539795,0.0,11.206827163696289,10.733039855957031,2407200
0.013447172939777374,-1.3384673595428467,0.0,-4.188045024871826,-5.513065338134766,2417600
0.5471581220626831,-1.3253527879714966,11.0,6.793348789215088,6.0151543617248535,2428000
0.013500748202204704,-1.348466157913208,0.0,-5.7715888023376465,-7.10655403137207,2439200
1.0470695495605469,-1.3482640981674194,4.400000095367432,12.799708366394043,12.498514175415039,2449600
0.010628769174218178,-1.348765254020691,0.5,-4.651126384735107,-5.98926305770874,2460000
0.005212261341512203,-1.3489316701889038,1.0,-3.4086785316467285,-4.7523980140686035,2470400
0.766279399394989,-1.3495663404464722,0.3333333432674408,10.71413803100586,10.130850791931152,2481600
0.018709447234869003,-1.3497363328933716,0.0,-6.195441246032715,-7.526467800140381,2491200
0.7275848984718323,-1.3499680757522583,6.0,8.67989730834961,8.057514190673828,2501600
0.0092579061165452,-1.349562406539917,0.0,-4.592068195343018,-5.932373046875,2512800
0.007009356282651424,-1.3497314453125,0.0,-4.123387336730957,-5.466109275817871,2523200
0.3684092164039612,-1.3491452932357788,0.0,-7.037570953369141,-8.018306732177734,2533600
0.008274650201201439,-1.34922456741333,0.3333333432674408,-4.163573265075684,-5.504523277282715,2544800
0.048964351415634155,-1.3481742143630981,0.0,-10.101217269897461,-11.400426864624023,2555200
0.5477051734924316,-1.348251461982727,3.25,4.602157115936279,3.8016109466552734,2565600
2.0716805458068848,-1.3486906290054321,4.599999904632568,27.27719497680664,28.000185012817383,2576800
0.6587744355201721,-1.349660038948059,3.6666667461395264,9.179682731628418,8.488797187805176,2587200
0.5653795003890991,-1.3489822149276733,2.75,6.48149299621582,5.697890281677246,2597600
0.008431753143668175,-1.3490763902664185,0.0,-4.323209762573242,-5.663854122161865,2608800
0.5927921533584595,-1.3499261140823364,3.8333332538604736,1.8818714618682861,1.1247376203536987,2619200
0.8159049153327942,-1.349929928779602,3.0,7.528674602508545,6.994649887084961,2629600
0.8304603695869446,-1.349699854850769,0.0,11.607887268066406,11.088647842407227,2640800
0.8844893574714661,-1.3492388725280762,11.0,12.94996452331543,12.485214233398438,2651200
0.7620920538902283,-1.3495458364486694,0.0,7.451868534088135,6.864414691925049,2661600
0.6095674633979797,-1.3482426404953003,0.0,6.803462982177734,6.064787864685059,2672800
0.5286093950271606,-1.3482129573822021,2.200000047683716,1.3268332481384277,0.5072296857833862,2683200
0.009647681377828121,-1.3485703468322754,0.0,-4.731823921203613,-6.070746421813965,2692800
0.0001089695215341635,-1.34898841381073,0.0,-0.5202343463897705,-1.869113802909851,2704000
0.004545005038380623,-1.3491097688674927,0.0,-3.303431987762451,-4.64799690246582,2714400
0.7044792175292969,-1.3488236665725708,0.0,9.463787078857422,8.819442749023438,2724800
0.0027228835970163345,-1.3485996723175049,0.0,-2.4305922985076904,-3.7764689922332764,2735200
0.00843822117894888,-1.3487616777420044,1.0,-4.277871131896973,-5.618194580078125,2746400
0.009055337868630886,-1.3489962816238403,0.0,-4.393580913543701,-5.733521938323975,2756000
0.013285963796079159,-1.3478292226791382,0.0,-5.280351638793945,-6.614894866943359,2766400
0.12031475454568863,-1.3489805459976196,0.0,-4.682284355163574,-5.910950183868408,2777600
0.011298577301204205,-1.349623441696167,0.0,-4.8531951904296875,-6.191519737243652,2788000
0.044704586267471313,-1.3492851257324219,0.0,-5.589049339294434,-6.893630027770996,2798400
0.0419531986117363,-1.3494219779968262,0.6666666865348816,-9.457877159118652,-10.76534652709961,2808800
0.023428363725543022,-1.3498179912567139,0.0,-7.121236801147461,-8.447626113891602,2819200
0.004094542935490608,-1.349985957145691,0.0,-2.902858018875122,-4.248749256134033,2829600
0.01645975559949875,-1.3498238325119019,0.0,-5.955227375030518,-7.288591384887695,2840000
0.0062024095095694065,-1.3500748872756958,0.0,-3.895810127258301,-5.239682674407959,2850400
0.023351294919848442,-1.3505194187164307,0.5,-7.180017471313477,-8.507185935974121,2860800
0.02264825440943241,-1.3503409624099731,0.5,-7.1392502784729,-8.46694278717041,2872800
0.005531723611056805,-1.3506046533584595,0.0,-3.427563428878784,-4.772636413574219,2882400
0.5568803548812866,-1.3512040376663208,1.0,1.8536467552185059,1.0593231916427612,2892800
0.0003473714168649167,-1.3513022661209106,0.0,-0.9130567312240601,-2.2640116214752197,2904000
0.7966423034667969,-1.3514477014541626,11.0,8.98823356628418,8.433427810668945,2914400
0.003578977892175317,-1.3510639667510986,0.0,-2.9530508518218994,-4.300536155700684,2924800
0.6333063840866089,-1.3510262966156006,0.0,2.9656107425689697,2.2478907108306885,2935200
1.5090779066085815,-1.3506536483764648,0.0,21.220243453979492,21.378665924072266,2946400
0.3099575340747833,-1.3504242897033691,1.0,-1.535632848739624,-2.5760996341705322,2956000
0.5858940482139587,-1.3504977226257324,0.0,3.501924514770508,2.737320899963379,2967200
0.007274379953742027,-1.3501346111297607,0.0,-4.076593399047852,-5.4194536209106445,2977600
0.14433667063713074,-1.3498742580413818,0.0,-3.69988751411438,-4.905425071716309,2988000
0.01391712948679924,-1.3499287366867065,0.0,-5.3855695724487305,-6.72158145904541,2998400
0.012076434679329395,-1.3502360582351685,0.6666666865348816,-5.048815727233887,-6.386975288391113,3008800
0.010947728529572487,-1.350330114364624,0.0,-4.918632984161377,-6.2580156326293945,3019200
0.0020334564615041018,-1.350847601890564,0.0,-2.0832250118255615,-3.432039260864258,3030400
0.006806734949350357,-1.3510229587554932,0.0,-4.087229251861572,-5.431445121765137,3040800
0.010943355970084667,-1.35068678855896,0.0,-4.915410041809082,-6.255153656005859,3051200
0.11383318156003952,-1.3500267267227173,5.5,-4.322937965393066,-5.559131622314453,3061600
0.5378340482711792,-1.349602460861206,2.75,2.9483277797698975,2.136559247970581,3072800
0.018344402313232422,-1.349334716796875,0.5,-6.1629228591918945,-7.493913173675537,3082400
0.004888014867901802,-1.3493409156799316,0.0,-3.3154714107513428,-4.659924507141113,3093600
0.025061937049031258,-1.3475686311721802,0.0,-7.208005428314209,-8.530511856079102,3104000
0.010171079076826572,-1.348008394241333,0.0,-4.593195915222168,-5.931033134460449,3114400
0.39109691977500916,-1.34662926197052,4.0,-0.7294583320617676,-1.684990644454956,3124800
0.007056220434606075,-1.3470635414123535,0.0,-3.8890652656555176,-5.229072570800781,3136000
0.5886659622192383,-1.348098874092102,2.200000047683716,6.483521938323975,5.7240891456604,3145600
0.4085213541984558,-1.3477424383163452,5.5,-0.046143293380737305,-0.9853643774986267,3156800
0.08675786852836609,-1.3479583263397217,0.3333333432674408,-13.630986213684082,-14.892187118530273,3167200
0.028247766196727753,-1.3484954833984375,0.25,-7.619936943054199,-8.940184593200684,3178400
0.7138484716415405,-1.3482927083969116,3.0,4.7488017082214355,4.1143574714660645,3188000
0.0031782537698745728,-1.348052740097046,0.0,-2.8082284927368164,-4.153102874755859,3199200
0.011756270192563534,-1.34833824634552,0.0,-5.35300874710083,-6.6895904541015625,3209600
0.006934334523975849,-1.3471728563308716,0.0,-4.134644985198975,-5.474883556365967,3220000
0.060231272131204605,-1.3473914861679077,0.0,-11.34616470336914,-12.63332462310791,3231200
0.02210819721221924,-1.3478552103042603,1.0,-7.033536911010742,-8.359284400939941,3240800
0.02059541456401348,-1.3478676080703735,0.20000000298023224,-6.403501987457275,-7.73077392578125,3252000
0.7309261560440063,-1.3471472263336182,0.20000000298023224,8.425041198730469,7.808820724487305,3262400
0.002878300379961729,-1.347778558731079,0.0,-2.6416144371032715,-3.9865148067474365,3272800
0.003242040518671274,-1.3481014966964722,0.0,-2.5738658905029297,-3.9187254905700684,3283200
0.027550825849175453,-1.3479357957839966,0.0,-7.5666608810424805,-8.887045860290527,3295200
0.012357252649962902,-1.3490339517593384,0.0,-5.225724220275879,-6.562400817871094,3304800
0.9227384328842163,-1.3493207693099976,0.0,10.80582332611084,10.379240989685059,3315200
0.010391684249043465,-1.3493566513061523,0.0,-4.797938823699951,-6.136903762817383,3326400
0.01323938649147749,-1.349225640296936,0.0,-5.213772773742676,-6.5497589111328125,3336800
0.005515060853213072,-1.349410057067871,0.0,-3.4418725967407227,-4.785767555236816,3346400
0.007018283475190401,-1.3501226902008057,0.0,-3.9063987731933594,-5.249503135681152,3358400
0.16074708104133606,-1.3493866920471191,11.0,-2.5007164478302,-3.6893560886383057,3368000
0.013978969305753708,-1.3500210046768188,0.0,-5.341522693634033,-6.67756462097168,3378400
0.0020247814245522022,-1.35017991065979,0.0,-2.1327855587005615,-3.480940580368042,3389600
0.0019833568949252367,-1.3496508598327637,0.0,-2.0845463275909424,-3.43221378326416,3400000
0.002859685104340315,-1.3498575687408447,0.0,-2.4320871829986572,-3.779085159301758,3410400
0.6209316849708557,-1.3495265245437622,12.0,6.3026580810546875,5.574063301086426,3420800
0.6538470983505249,-1.3479809761047363,0.0,8.71325969696045,8.019124984741211,3432000
0.008412079885601997,-1.3475245237350464,0.5,-4.346391201019287,-5.685503959655762,3442400
0.6619225144386292,-1.3484355211257935,5.5,10.077256202697754,9.390743255615234,3452800
0.4067065715789795,-1.3480122089385986,4.0,0.5047443509101868,-0.4365612864494324,3464000
0.005565025378018618,-1.3472117185592651,0.0,-3.472818613052368,-4.814465522766113,3474400
0.005122595001012087,-1.347395896911621,0.0,-3.2365779876708984,-4.578851222991943,3484800
0.35032838582992554,-1.3471131324768066,5.5,0.23538179695606232,-0.76140296459198,3496000
0.8171100616455078,-1.3468369245529175,3.6666667461395264,7.198699951171875,6.668972969055176,3506400
0.0025599997024983168,-1.3471122980117798,0.0,-2.301405906677246,-3.645958423614502,3516800
0.004078088328242302,-1.3468360900878906,0.0,-2.954714298248291,-4.29747200012207,3528000
0.9846149682998657,-1.3469374179840088,1.0,7.325881004333496,6.963559150695801,3537600
0.5324990749359131,-1.3474798202514648,0.0,5.946681022644043,5.13170051574707,3548800
0.4246560037136078,-1.3473093509674072,5.5,-4.064670085906982,-4.987323760986328,3559200
0.001251195091754198,-1.3481932878494263,0.0,-1.6622252464294434,-3.009167194366455,3570400
0.39897316694259644,-1.3484398126602173,0.0,2.509413957595825,1.5599473714828491,3580000
0.007720994763076305,-1.3481439352035522,0.5,-4.069375991821289,-5.409799098968506,3591200
0.7854560613632202,-1.3480254411697388,0.0,4.242549896240234,3.679980754852295,3602400
0.5648837089538574,-1.3465882539749146,0.0,0.5416643023490906,-0.24004018306732178,3612800
0.004658827558159828,-1.3473670482635498,0.0,-3.1867377758026123,-4.529445648193359,3623200
0.0026985020376741886,-1.3475100994110107,0.0,-2.36151123046875,-3.7063229084014893,3634400
0.005215322133153677,-1.347900390625,0.0,-3.4058969020843506,-4.748581886291504,3644800
0.002567720366641879,-1.3489028215408325,0.0,-2.397648572921753,-3.743983745574951,3655200
0.7027742266654968,-1.34952712059021,6.5,6.832570552825928,6.185817718505859,3666400
0.055504437536001205,-1.3479673862457275,0.0,-10.902044296264648,-12.194506645202637,3676800
0.8136993050575256,-1.348634958267212,0.0,5.911884307861328,5.376948356628418,3687200
0.012532077729701996,-1.348036766052246,0.0,-5.3318047523498535,-6.667309284210205,3698400
1.7221498489379883,-1.3478660583496094,12.0,28.034072875976562,28.408355712890625,3708800
0.016951456665992737,-1.3460677862167358,0.5,-6.03472900390625,-7.363845348358154,3719200
0.5784087777137756,-1.3447837829589844,3.6666667461395264,3.0541796684265137,2.28780460357666,3730400
0.004272910766303539,-1.345228910446167,0.0,-3.078589677810669,-4.419545650482178,3741600
0.021877598017454147,-1.345026969909668,0.0,-6.910354137420654,-8.233503341674805,3751200
0.005092932842671871,-1.3453214168548584,0.0,-3.3688862323760986,-4.709115028381348,3762400
0.0014849974540993571,-1.3460177183151245,0.0,-1.8952713012695312,-3.2398040294647217,3773600
1.7336598634719849,-1.3459346294403076,11.0,25.633092880249023,26.02081871032715,3783200
0.0073494138196110725,-1.3459429740905762,0.0,-4.258648872375488,-5.59724235534668,3794400
0.8628905415534973,-1.3466259241104126,0.5,10.811054229736328,10.32731819152832,3804800
0.8273190259933472,-1.3474282026290894,1.0,8.934139251708984,8.414030075073242,3815200
0.39081138372421265,-1.3465362787246704,3.0,0.24867694079875946,-0.7070479393005371,3825600
0.3495253324508667,-1.3464579582214355,0.0,-6.247368335723877,-7.244300842285156,3836800
0.6327890157699585,-1.3459118604660034,2.200000047683716,4.384520053863525,3.6713972091674805,3847200
0.6663702130317688,-1.3430545330047607,0.0,7.661911964416504,6.985227584838867,3857600
0.014796054922044277,-1.3426854610443115,0.0,-6.03530216217041,-7.363191604614258,3868000
0.033286772668361664,-1.3418275117874146,0.1666666716337204,-8.003625869750977,-9.312167167663574,3879200
0.02008146233856678,-1.3431446552276611,0.0,-6.921257495880127,-8.2443208694458,3889600
0.015008384361863136,-1.3436135053634644,0.0,-5.616145133972168,-6.9447503089904785,3900000
0.020996492356061935,-1.3433610200881958,0.0,-6.7131242752075195,-8.035489082336426,3911200
0.17150206863880157,-1.344287633895874,0.0,-1.3733268976211548,-2.546112537384033,3921600
0.0094632962718606,-1.3437813520431519,0.0,-4.436803340911865,-5.771121501922607,3932000
0.011447032913565636,-1.3458316326141357,0.0,-4.948122501373291,-6.282506942749023,3943200
0.005629950203001499,-1.3460856676101685,0.0,-3.5298049449920654,-4.870260715484619,3954400
0.010111012496054173,-1.3466126918792725,0.0,-4.62002420425415,-5.956525802612305,3964000
0.006091283634305,-1.3461556434631348,0.0,-3.6578147411346436,-4.9978790283203125,3974400
0.0025837912689894438,-1.345499873161316,0.0,-2.5066404342651367,-3.8495564460754395,3986400
0.5972428321838379,-1.3462166786193848,0.0,6.247719764709473,5.498745918273926,3996000
0.004628963768482208,-1.347029685974121,0.0,-3.133753776550293,-4.476154327392578,4006400
0.6864113807678223,-1.3476423025131226,3.0,8.487683296203613,7.826452732086182,4017600
0.007574431132525206,-1.3477981090545654,0.0,-4.127028465270996,-5.467251777648926,4028800
0.010739771649241447,-1.3469005823135376,0.3333333432674408,-4.703135013580322,-6.039295673370361,4039200
1.1538329124450684,-1.3454617261886597,2.200000047683716,9.230098724365234,9.038470268249512,4049600
0.01761908270418644,-1.3451534509658813,1.0,-5.948093414306641,-7.275627613067627,4060800
0.3536049425601959,-1.3458964824676514,1.0,2.6216864585876465,1.6293950080871582,4071200
0.021236993372440338,-1.3457485437393188,0.5,-6.713372707366943,-8.037884712219238,4081600
0.621436357498169,-1.3451058864593506,6.0,4.043316841125488,3.3196470737457275,4092800
0.8109779357910156,-1.3442286252975464,0.0,8.7944974899292,8.261246681213379,4103200
0.649792492389679,-1.3443909883499146,0.5,6.636030673980713,5.941432476043701,4113600
0.48373520374298096,-1.3439713716506958,2.0,1.5618562698364258,0.7016199827194214,4124800
0.008409997448325157,-1.3449625968933105,0.0,-4.487601280212402,-5.824153900146484,4136000
0.01171910297125578,-1.3455986976623535,0.0,-5.320881366729736,-6.654760837554932,4146400
0.015580985695123672,-1.3461815118789673,0.0,-5.766575336456299,-7.097175598144531,4156800
0.32623401284217834,-1.3473349809646606,0.0,-5.084583759307861,-6.105684757232666,4168000
0.02046777866780758,-1.346914291381836,0.0,-6.705535888671875,-8.031982421875,4179200
0.027072357013821602,-1.3466769456863403,0.0,-7.657783508300781,-8.977388381958008,4188800
0.5360206365585327,-1.3456765413284302,1.0,-2.9540646076202393,-3.7637205123901367,4200000
0.013429980725049973,-1.3458306789398193,0.0,-5.291142463684082,-6.623542785644531,4210400
0.8223427534103394,-1.3464295864105225,5.5,8.308295249938965,7.784208297729492,4220800
0.019976099953055382,-1.346154808998108,0.0,-6.427270889282227,-7.753449440002441,4232000
0.016364941373467445,-1.3458001613616943,0.0,-6.04204797744751,-7.371482849121094,4243200
0.8059872984886169,-1.34577476978302,0.0,8.267237663269043,7.727450370788574,4252800
0.010156244970858097,-1.346382737159729,0.0,-4.805704593658447,-6.141931056976318,4264000
0.3223935067653656,-1.3458023071289062,3.0,-3.4832141399383545,-4.506623268127441,4275200
0.030267469584941864,-1.345644474029541,0.0,-7.679319858551025,-8.994697570800781,4285600
0.005926473997533321,-1.3464672565460205,0.0,-3.565368175506592,-4.905909061431885,4296000
0.013724721036851406,-1.3460801839828491,0.0,-5.228116512298584,-6.560472011566162,4307200
0.008853168226778507,-1.346182107925415,0.0,-4.29738187789917,-5.634711265563965,4317600
0.011075694113969803,-1.3460856676101685,0.0,-4.801785469055176,-6.136795520782471,4328000
0.2814614772796631,-1.346039056777954,0.0,-5.049633026123047,-6.11421012878418,4338400
0.01976725459098816,-1.3454577922821045,1.0,-6.282320022583008,-7.608010292053223,4349600
0.006716968957334757,-1.3464230298995972,0.0,-3.913978099822998,-5.253684043884277,4360000
0.7460636496543884,-1.3463701009750366,11.0,7.442211151123047,6.841904163360596,4370400
0.04587441310286522,-1.3447321653366089,0.3333333432674408,-9.704794883728027,-11.003652572631836,4380800
0.012806698679924011,-1.3453627824783325,0.25,-5.091645240783691,-6.424201011657715,4392800
0.00821206346154213,-1.345513939857483,0.0,-4.149580001831055,-5.486881732940674,4403200
0.003761228872463107,-1.3461763858795166,0.0,-2.872584104537964,-4.214999198913574,4413600
0.0021482317242771387,-1.3470478057861328,0.0,-2.129279613494873,-3.474179267883301,4424000
0.0009677237831056118,-1.3471440076828003,0.0,-1.5094913244247437,-2.8556675910949707,4435200
0.803159773349762,-1.3468921184539795,0.0,8.447338104248047,7.9036054611206055,4445600
0.461454302072525,-1.3461641073226929,0.5,-3.2559986114501953,-4.1407084465026855,4456800
0.4140826165676117,-1.345108151435852,0.5,-3.404648542404175,-4.335674285888672,4467200
0.006426936015486717,-1.345180630683899,0.0,-3.886690855026245,-5.225444316864014,4477600
0.010985887609422207,-1.3456047773361206,0.0,-4.931417942047119,-6.2660369873046875,4488800
0.007660383824259043,-1.346596598625183,0.0,-3.9972143173217773,-5.336150646209717,4499200
0.0025278348475694656,-1.3457146883010864,0.0,-2.3023436069488525,-3.6455302238464355,4510400
2.58268404006958,-1.3450450897216797,12.0,23.878293991088867,25.11593246459961,4520800
0.771045982837677,-1.3448606729507446,0.0,8.92647933959961,8.35266399383545,4531200
0.016325902193784714,-1.3461350202560425,0.0,-6.047330379486084,-7.377139568328857,4542400
0.044762834906578064,-1.3471202850341797,0.25,-9.586700439453125,-10.889058113098145,4552800
0.026044487953186035,-1.348290205001831,0.0,-7.4177656173706055,-8.740011215209961,4563200
0.011986862868070602,-1.3478645086288452,1.0,-5.134289264678955,-6.47016716003418,4574400
0.006199796684086323,-1.3481183052062988,0.6666666865348816,-3.629814863204956,-4.971733093261719,4584800
0.012214013375341892,-1.348388671875,1.0,-5.184946060180664,-6.521120548248291,4595200
0.02046751044690609,-1.348656177520752,0.0,-6.426476955413818,-7.754665851593018,4606400
0.7672371864318848,-1.3485338687896729,11.0,7.541766166687012,6.960470199584961,4616800
0.32120150327682495,-1.3486065864562988,0.0,-2.046722412109375,-3.074127435684204,4627200
0.012197157368063927,-1.3484820127487183,0.0,-5.109505653381348,-6.445790767669678,4638400
0.6233454942703247,-1.3487701416015625,0.3333333432674408,2.5911812782287598,1.8657565116882324,4648800
0.010225332342088223,-1.349271535873413,0.0,-4.675009727478027,-6.014056205749512,4659200
0.003113808110356331,-1.3495534658432007,0.0,-2.5962767601013184,-3.942716598510742,4670400
0.005835408810526133,-1.3497436046600342,0.0,-3.4845030307769775,-4.828411102294922,4680800
0.011730083264410496,-1.3501843214035034,0.0,-5.1500091552734375,-6.488463401794434,4692000
1.618566870689392,-1.3503375053405762,11.0,18.066722869873047,18.334951400756836,4702400
0.00795678235590458,-1.3499219417572021,0.0,-4.398958206176758,-5.740922927856445,4713600
0.007812997326254845,-1.349752426147461,0.0,-4.108154296875,-5.450093746185303,4724000
0.16887883841991425,-1.3500016927719116,3.6666667461395264,-2.890488624572754,-4.071611404418945,4734400
0.3080793619155884,-1.3497933149337769,0.5,-2.0563125610351562,-3.0980265140533447,4745600
0.005654531996697187,-1.3500919342041016,0.0,-3.687572956085205,-5.032010078430176,4756000
0.007953532040119171,-1.349981665611267,0.0,-4.108311176300049,-5.450339317321777,4765600
0.337496817111969,-1.3500384092330933,0.0,-0.2190660983324051,-1.2316076755523682,4776800
0.014816843904554844,-1.3494727611541748,0.0,-5.75783109664917,-7.092487335205078,4787200
0.6408332586288452,-1.3498393297195435,0.0,5.622366428375244,4.913360595703125,4797600
0.008056029677391052,-1.3494404554367065,2.0,-4.146799564361572,-5.488183975219727,4808800
0.9734909534454346,-1.3491084575653076,0.0,12.437484741210938,12.061866760253906,4819200
0.015857897698879242,-1.3491308689117432,0.0,-5.861381530761719,-7.19465446472168,4829600
0.009833269752562046,-1.3489832878112793,0.0,-4.8710246086120605,-6.210174560546875,4840000
0.8214884996414185,-1.3493480682373047,5.5,8.736414909362793,8.208555221557617,4851200
0.004838106222450733,-1.349671483039856,0.0,-3.405989646911621,-4.750823020935059,4861600
0.018246445804834366,-1.3498616218566895,0.0,-6.186826705932617,-7.518441677093506,4872000
0.015764784067869186,-1.3496636152267456,0.0,-5.941951751708984,-7.275850772857666,4882400
1.2323673963546753,-1.3493385314941406,7.666666507720947,16.370689392089844,16.25371742248535,4892800
0.4957171678543091,-1.349448800086975,11.0,3.134756326675415,2.281024932861328,4903200
0.008803308941423893,-1.3489471673965454,0.0,-4.467002868652344,-5.8071465492248535,4913600
0.549420952796936,-1.3482872247695923,0.5,-2.017890691757202,-2.8167569637298584,4924800
0.021870767697691917,-1.3475401401519775,0.0,-6.682470798492432,-8.008140563964844,4935200
0.014001874253153801,-1.3474706411361694,0.5,-5.69310188293457,-7.026570796966553,4945600
0.006338606588542461,-1.3471804857254028,0.0,-3.6577646732330322,-4.9986066818237305,4956000
0.011614639312028885,-1.3465831279754639,0.3333333432674408,-4.760586261749268,-6.095554351806641,4967200
0.7298638224601746,-1.3466941118240356,1.0,7.797377586364746,7.180547714233398,4977600
1.4826855659484863,-1.347287893295288,12.0,15.07673454284668,15.21213150024414,4988000
2.8579444885253906,-1.346038579940796,12.0,19.35108184814453,20.862987518310547,4998400
0.008292075246572495,-1.3465553522109985,0.0,-4.437221050262451,-5.775484085083008,5009600
1.0080279111862183,-1.347141981124878,2.75,13.625046730041504,13.285932540893555,5020000
0.018961789086461067,-1.3464219570159912,0.0,-6.280855655670166,-7.608315467834473,5030400
0.4134553074836731,-1.3468306064605713,4.0,0.8511652946472168,-0.08221006393432617,5040800
0.002008089330047369,-1.3473032712936401,0.0,-2.196831464767456,-3.5421266555786133,5051200
0.011412409134209156,-1.3469312191009521,0.0,-5.161604881286621,-6.497123718261719,5061600
0.01549755223095417,-1.3464521169662476,0.0,-5.801418304443359,-7.132372856140137,5072800
0.006432384252548218,-1.3469297885894775,0.0,-3.9268715381622314,-5.267369270324707,5083200
0.004762070253491402,-1.346602201461792,0.0,-3.3690545558929443,-4.710894584655762,5093600
0.628289520740509,-1.3462884426116943,1.8333333730697632,3.613497734069824,2.8954989910125732,5104800
1.0456042289733887,-1.346081256866455,0.0,13.20660400390625,12.9061279296875,5114400
0.4352095425128937,-1.3468043804168701,0.0,2.0817155838012695,1.1701207160949707,5125600
0.82762610912323,-1.3476899862289429,0.0,10.739753723144531,10.219690322875977,5136000
0.023552456870675087,-1.3465979099273682,0.0,-7.153263568878174,-8.476308822631836,5146400
0.1439143568277359,-1.348120093345642,0.0,-3.2957026958465576,-4.499908447265625,5156800
0.009475285187363625,-1.3485760688781738,0.0,-4.777500629425049,-6.116601467132568,5168000
2.0847489833831787,-1.3489047288894653,6.5,11.094161987304688,11.83000659942627,5178400
0.021707145497202873,-1.3479790687561035,0.0,-6.8050408363342285,-8.13131332397461,5188800
1.7596518993377686,-1.3485642671585083,11.0,26.213783264160156,26.62487030029297,5199200
0.030835915356874466,-1.3490813970565796,0.3333333432674408,-8.10925006866455,-9.427495002746582,5209600
0.006952457129955292,-1.349500060081482,0.0,-3.8631067276000977,-5.205654144287109,5220000
0.8485233187675476,-1.3498296737670898,11.0,9.631261825561523,9.129955291748047,5230400
0.7404003143310547,-1.3498929738998413,3.25,4.152843475341797,3.5433506965637207,5240800
0.033454425632953644,-1.3487262725830078,0.0,-8.496929168701172,-9.812200546264648,5252000
0.030900275334715843,-1.3490856885910034,0.0,-8.25871753692627,-9.576903343200684,5262400
0.8022499084472656,-1.3490726947784424,2.200000047683716,8.15639591217041,7.6095733642578125,5272800
0.011976438574492931,-1.3487292528152466,0.5,-4.986835956573486,-6.323588848114014,5283200
0.012642203830182552,-1.3479197025299072,0.0,-5.309021949768066,-6.644299507141113,5293600
0.8090023398399353,-1.3476399183273315,0.0,7.308292865753174,6.769655227661133,5304000
0.01698075607419014,-1.3476014137268066,0.0,-6.0081682205200195,-7.338788986206055,5315200
0.02689264714717865,-1.3478727340698242,0.0,-7.358867645263672,-8.679847717285156,5325600
0.5435877442359924,-1.3478270769119263,1.0,0.3869166970252991,-0.41732263565063477,5336000
0.005405808798968792,-1.348177194595337,0.0,-3.613994598388672,-4.956766128540039,5347200
0.024490220472216606,-1.3480576276779175,0.0,-7.098628044128418,-8.422195434570312,5356800
0.0307399183511734,-1.348311185836792,0.0,-7.975797176361084,-9.293368339538574,5367200
0.6433692574501038,-1.3480079174041748,0.0,2.797977924346924,2.093339204788208,5378400
0.005311531480401754,-1.3485206365585327,0.0,-3.393663167953491,-4.73687219619751,5388800
0.8587734699249268,-1.3483948707580566,6.0,10.759806632995605,10.270185470581055,5399200
1.6659213304519653,-1.3490395545959473,4.0,20.73900032043457,21.055883407592773,5410400
0.002260394860059023,-1.349328637123108,0.0,-2.2291581630706787,-3.576226234436035,5420000
0.009283878840506077,-1.3499315977096558,0.0,-4.739407062530518,-6.080054759979248,5431200
0.006569701246917248,-1.3501081466674805,0.0,-3.700422525405884,-5.043961048126221,5441600
0.00300272717140615,-1.3501789569854736,0.0,-2.527921438217163,-3.8750977516174316,5451200
1.1341460943222046,-1.3502079248428345,3.6666667461395264,11.909817695617676,11.693755149841309,5462400
0.434778094291687,-1.3479640483856201,0.5,2.1838254928588867,1.2706396579742432,5473600
0.3389001786708832,-1.3473540544509888,0.1666666716337204,-5.979290008544922,-6.987743854522705,5484000
0.022178364917635918,-1.3475207090377808,0.0,-6.699342727661133,-8.02468490600586,5494400
0.007255975157022476,-1.3480864763259888,0.0,-4.194648265838623,-5.535478591918945,5504800
0.01155789289623499,-1.348223090171814,0.3333333432674408,-4.867970943450928,-6.204636096954346,5515200
0.010565480217337608,-1.3486815690994263,0.0,-4.815157413482666,-6.153273582458496,5525600
0.9041562676429749,-1.3486416339874268,0.0,9.784239768981934,9.339755058288574,5536000
0.5270155668258667,-1.348305583000183,2.75,2.128884792327881,1.307594895362854,5546400
0.9407258629798889,-1.347724437713623,0.5,8.274532318115234,7.867534160614014,5556800
0.03199633210897446,-1.3467522859573364,0.0,-8.4544038772583,-9.769159317016602,5568000
0.045224905014038086,-1.3459358215332031,0.3333333432674408,-9.512617111206055,-10.81332778930664,5578400
0.02304242178797722,-1.3458739519119263,0.0,-7.42650032043457,-8.749332427978516,5588800
0.09016499668359756,-1.3459630012512207,0.0,-4.7611823081970215,-6.016980171203613,5600000
0.014550026506185532,-1.34683358669281,0.0,-5.814022541046143,-7.146306037902832,5610400
0.01471991091966629,-1.3472459316253662,0.0,-5.479870796203613,-6.812397003173828,5620800
0.005574417766183615,-1.347058892250061,1.0,-3.5241971015930176,-4.8656816482543945,5631200
0.7684758901596069,-1.3459757566452026,4.0,5.3346686363220215,4.757168769836426,5641600
0.7566865086555481,-1.3467515707015991,5.5,2.6656672954559326,2.0756020545959473,5652000
0.00801248848438263,-1.3469507694244385,1.0,-4.19994592666626,-5.538884162902832,5663200
0.008496064692735672,-1.346771478652954,0.0,-4.230094909667969,-5.5683698654174805,5673600
0.8941138982772827,-1.346617579460144,0.3333333432674408,6.6270551681518555,6.174551486968994,5684000
0.9907703399658203,-1.3470616340637207,0.0,11.359619140625,11.003328323364258,5694400
0.5214547514915466,-1.3473788499832153,3.6666667461395264,0.6004540920257568,-0.2254699468612671,5704800
0.9929304718971252,-1.3472368717193604,0.0,8.11699390411377,7.762687683105469,5715200
0.01264134794473648,-1.3480091094970703,0.5,-5.1321702003479,-6.467537879943848,5726400
0.0066878036595880985,-1.3485076427459717,0.0,-3.9607348442077637,-5.302554607391357,5736800
0.6778843402862549,-1.3487224578857422,0.0,5.566770076751709,4.895932197570801,5747200
0.00941906962543726,-1.348523497581482,0.0,-4.497546672821045,-5.83665132522583,5757600
0.014766784384846687,-1.3483806848526,0.0,-5.688788890838623,-7.022402763366699,5768000
0.00857982225716114,-1.3488966226577759,0.3333333432674408,-4.190883636474609,-5.531200408935547,5779200
0.30371394753456116,-1.3490660190582275,0.0,-0.7636268138885498,-1.8089789152145386,5789600
0.9532871246337891,-1.3492982387542725,6.0,12.270478248596191,11.874466896057129,5800000
0.7000974416732788,-1.3483539819717407,11.0,3.657089948654175,3.008833408355713,5810400
0.02437768690288067,-1.3479232788085938,0.0,-7.004555702209473,-8.32810115814209,5820800
0.0393105074763298,-1.348075032234192,0.5,-9.112443923950195,-10.421208381652832,5831200
0.01588931865990162,-1.3486512899398804,0.3333333432674408,-5.736807823181152,-7.069570064544678,5842400
0.01656155474483967,-1.3489588499069214,0.0,-6.051448822021484,-7.383846282958984,5852000
0.8762496113777161,-1.3491039276123047,0.0,8.925788879394531,8.452934265136719,5862400
0.031512826681137085,-1.3492164611816406,0.0,-8.397749900817871,-9.715453147888184,5873600
0.015678640455007553,-1.349501132965088,0.0,-5.785655498504639,-7.119478225708008,5883200
0.023177620023489,-1.349384069442749,0.0,-7.376921653747559,-8.70312786102295,5894400
0.02017645351588726,-1.3498079776763916,0.0,-6.518269062042236,-7.847900390625,5904800
0.025749580934643745,-1.3494422435760498,0.0,-7.262356758117676,-8.58604907989502,5915200
0.021084433421492577,-1.34918212890625,0.0,-6.695342063903809,-8.023439407348633,5925600
0.945496678352356,-1.3486814498901367,0.0,10.611495018005371,10.2083101272583,5936000
0.7482796907424927,-1.3493082523345947,1.0,7.828927516937256,7.227899551391602,5946400
0.8655698895454407,-1.3494089841842651,3.6666667461395264,9.909573554992676,9.425734519958496,5956800
0.8313906192779541,-1.3488712310791016,0.0,9.639351844787598,9.121870994567871,5968000
0.03702716529369354,-1.3488858938217163,1.0,-9.02392864227295,-10.335786819458008,5978400
0.1984817385673523,-1.3488624095916748,0.3333333432674408,-5.141656398773193,-6.292037010192871,5988800
0.7989791035652161,-1.3485171794891357,6.0,8.531513214111328,7.9819746017456055,5999200
0.02405393123626709,-1.3485186100006104,0.0,-7.251210689544678,-8.575675010681152,6009600
0.0074814059771597385,-1.3486313819885254,0.800000011920929,-3.8655571937561035,-5.206707000732422,6020800
1.049322485923767,-1.3479124307632446,2.75,11.353787422180176,11.055196762084961,6031200
0.02952715754508972,-1.3473842144012451,0.0,-7.93708610534668,-9.254942893981934,6040800
1.6717908382415771,-1.3475072383880615,5.5,19.768877029418945,20.09316062927246,6052000
0.014614889398217201,-1.347799301147461,0.0,-5.933824062347412,-7.267008304595947,6062400
0.9625270962715149,-1.3476287126541138,0.0,9.082413673400879,8.697312355041504,6072800
1.0168266296386719,-1.347313404083252,0.0,10.57180118560791,10.241313934326172,6084000
0.04917139932513237,-1.3476699590682983,0.3333333432674408,-9.99486255645752,-11.293360710144043,6094400
0.024009423330426216,-1.3479000329971313,0.0,-7.561354160308838,-8.885245323181152,6104800
0.6265827417373657,-1.3482247591018677,0.0,0.41868388652801514,-0.3029581308364868,6116000
1.3238824605941772,-1.3480639457702637,5.5,14.670931816101074,14.646749496459961,6126400
0.8847876191139221,-1.3480688333511353,5.5,9.495272636413574,9.031991004943848,6136000
0.011062378995120525,-1.3480303287506104,0.0,-4.919514179229736,-6.256482124328613,6147200
0.5300849676132202,-1.3475135564804077,5.5,2.3999717235565186,1.5825430154800415,6157600
0.006359395105391741,-1.3476769924163818,0.0,-3.9107131958007812,-5.252030849456787,6168800
0.015611185692250729,-1.3477586507797241,0.6666666865348816,-5.695976734161377,-7.0281243324279785,6179200
0.8194370865821838,-1.34666907787323,0.5,7.465700149536133,6.938467979431152,6189600
0.011928560212254524,-1.3462060689926147,0.0,-5.38783073425293,-6.722108364105225,6200000
1.220253825187683,-1.3462862968444824,4.0,11.89327621459961,11.767244338989258,6210400
0.02895660698413849,-1.346709966659546,0.3333333432674408,-7.665050029754639,-8.982803344726562,6220800
0.01689939945936203,-1.34623384475708,0.0,-6.341554641723633,-7.670888900756836,6232000
1.9277088642120361,-1.34659743309021,11.333333015441895,27.15738868713379,27.738500595092773,6242400
0.01248668972402811,-1.3460736274719238,0.0,-5.208418369293213,-6.54200553894043,6252800
0.01351041067391634,-1.3466572761535645,0.5,-5.328629016876221,-6.661776065826416,6263200
1.0242351293563843,-1.3466118574142456,0.0,12.422477722167969,12.10010051727295,6273600
0.8350264430046082,-1.3468008041381836,0.5,8.330025672912598,7.818251609802246,6284000
0.006062313914299011,-1.3461343050003052,0.0,-3.66839599609375,-5.008468151092529,6295200
0.009681572206318378,-1.345820426940918,0.6666666865348816,-4.534671783447266,-5.870810508728027,6305600
1.1528836488723755,-1.346158742904663,0.0,10.218545913696289,10.025270462036133,6316000
1.3669452667236328,-1.3470799922943115,4.0,17.432239532470703,17.452104568481445,6326400
0.01552551332861185,-1.34727144241333,0.0,-6.124927520751953,-7.456673622131348,6337600
0.42539703845977783,-1.3477773666381836,2.75,-1.0759810209274292,-1.998361349105835,6348000
0.8168211579322815,-1.3480247259140015,0.0,6.563528537750244,6.03232479095459,6359200
0.028144368901848793,-1.348067283630371,0.6666666865348816,-7.625026702880859,-8.944950103759766,6368800
0.014015596359968185,-1.3487331867218018,0.0,-5.3899054527282715,-6.72462272644043,6379200
1.0278362035751343,-1.348474144935608,0.0,12.624621391296387,12.303982734680176,6389600
2.445760488510132,-1.3489326238632202,2.4000000953674316,34.11758804321289,35.214412689208984,6400000
0.009027519263327122,-1.3486231565475464,0.0,-4.502970218658447,-5.842566013336182,6411200
0.44954511523246765,-1.3484563827514648,1.0,0.2098584771156311,-0.6890528202056885,6421600
0.008776058442890644,-1.3484374284744263,0.0,-4.592947959899902,-5.9326090812683105,6432000
1.0360774993896484,-1.34857177734375,0.0,12.164220809936523,11.851726531982422,6442400
0.31824222207069397,-1.3486783504486084,0.0,-1.7776538133621216,-2.8080899715423584,6452800
0.011736663058400154,-1.3487682342529297,0.0,-5.070070743560791,-6.407102108001709,6463200
0.8436816334724426,-1.348560094833374,5.5,8.546648025512695,8.041769027709961,6473600
0.7284307479858398,-1.348106861114502,5.5,3.380312204360962,2.7606358528137207,6484000
0.7223432064056396,-1.3479368686676025,11.0,4.211111545562744,3.585517644882202,6494400
0.01883871853351593,-1.3485000133514404,0.0,-6.3968186378479,-7.726479530334473,6504800
0.009440865367650986,-1.348602533340454,0.0,-4.544154644012451,-5.8833160400390625,6515200
0.7376028299331665,-1.3485316038131714,5.5,6.920811653137207,6.309882640838623,6525600
0.006483390461653471,-1.348612904548645,0.0,-3.9260783195495605,-5.268208026885986,6536800
0.019756730645895004,-1.3485864400863647,0.25,-6.49509334564209,-7.823923110961914,6547200
0.6270983219146729,-1.348376750946045,0.0,3.478959560394287,2.757681369781494,6557600
0.014596455730497837,-1.3484671115875244,0.5,-5.486584663391113,-6.820455551147461,6568000
0.02133723348379135,-1.349326252937317,0.0,-6.682339191436768,-8.01032829284668,6579200
0.005632635671645403,-1.3494869470596313,0.0,-3.4680652618408203,-4.811919689178467,6588800
0.06392578780651093,-1.3491719961166382,11.0,-3.6794211864471436,-4.964667320251465,6600000
0.0633404478430748,-1.3495646715164185,11.0,-4.3878960609436035,-5.67411994934082,6610400
0.013380208984017372,-1.3497461080551147,0.0,-5.409055233001709,-6.745421409606934,6620000
0.0228863712400198,-1.3495162725448608,0.5,-7.246741771697998,-8.573371887207031,6631200
0.01208523754030466,-1.349448561668396,0.0,-5.384056091308594,-6.721419334411621,6642400
1.0411121845245361,-1.3494030237197876,0.0,11.901520729064941,11.593229293823242,6652000
0.009863954037427902,-1.3491657972335815,0.0,-4.862961292266846,-6.202263355255127,6663200
0.012900247238576412,-1.3488950729370117,0.0,-5.259120941162109,-6.595115661621094,6673600
0.0063513596542179585,-1.349012017250061,0.0,-3.634556770324707,-4.977217197418213,6684000
0.6423057317733765,-1.3491864204406738,3.6666667461395264,2.336674690246582,1.6297941207885742,6694400
0.0071741994470357895,-1.3491172790527344,0.5,-3.9503173828125,-5.29226016998291,6705600
0.0035719224251806736,-1.3487244844436646,0.0,-2.7620034217834473,-4.107155799865723,6716000
0.004221176728606224,-1.3493030071258545,0.0,-3.1803503036499023,-4.525432109832764,6726400
0.001447299961000681,-1.3497010469436646,0.0,-1.8792887926101685,-3.2275424003601074,6736800
0.8354688882827759,-1.3500224351882935,0.0,8.012275695800781,7.497722625732422,6747200
0.01100763026624918,-1.350248098373413,0.0,-4.784854412078857,-6.1240949630737305,6758400
0.5551601052284241,-1.3506581783294678,0.5,3.2997801303863525,2.504281997680664,6769600
0.030916927382349968,-1.3501392602920532,0.0,-8.219258308410645,-9.538480758666992,6780000
0.022726844996213913,-1.3503774404525757,1.0,-7.010512351989746,-8.338162422180176,6790400
0.029713906347751617,-1.3501826524734497,0.3333333432674408,-7.875294208526611,-9.195762634277344,6801600
0.03524598479270935,-1.350291132926941,0.0,-8.768132209777832,-10.08317756652832,6812000
0.016123898327350616,-1.3505645990371704,0.0,-6.250406265258789,-7.5848469734191895,6821600
1.0253283977508545,-1.3506038188934326,0.0,10.363192558288574,10.037917137145996,6833600
1.123658537864685,-1.350325345993042,12.0,11.876126289367676,11.649458885192871,6843200
0.5578981637954712,-1.350592017173767,0.0,0.4981025457382202,-0.2945913076400757,6853600
0.006225435994565487,-1.350762963294983,0.0,-3.621786594390869,-4.966324329376221,6865600
0.011132256127893925,-1.3508648872375488,0.0,-4.859004974365234,-6.198737621307373,6875200
0.01715330220758915,-1.3509019613265991,0.0,-6.111534118652344,-7.445282936096191,6885600
0.018439194187521935,-1.3507968187332153,0.0,-6.161093235015869,-7.49345064163208,6896800
0.23495471477508545,-1.3505091667175293,4.0,-1.6343872547149658,-2.749941825866699,6908000
0.8933166265487671,-1.350582242012024,11.0,11.87259292602539,11.415327072143555,6917600
0.016550812870264053,-1.350586175918579,0.0,-5.963266849517822,-7.29730224609375,6928800
0.4486525356769562,-1.350439429283142,0.25,0.7581629753112793,-0.143623948097229,6940000
1.0979679822921753,-1.3502833843231201,0.0,14.3264741897583,14.074158668518066,6949600
0.012598161585628986,-1.3503166437149048,0.0,-5.102197170257568,-6.439915657043457,6960000
0.6944071650505066,-1.3497164249420166,0.0,4.799576282501221,4.1442670822143555,6971200
0.627078652381897,-1.349994421005249,0.0,3.2140908241271973,2.4911749362945557,6981600
0.01574903354048729,-1.3498914241790771,0.0,-5.971118927001953,-7.305261611938477,6992000
0.008192856796085835,-1.350127100944519,0.0,-4.423946380615234,-5.765880584716797,7003200
0.02096199244260788,-1.3502663373947144,0.0,-6.61370325088501,-7.943007946014404,7013600
0.01254960149526596,-1.350020170211792,0.0,-5.393734931945801,-6.731205940246582,7024000
0.54015052318573,-1.3503981828689575,2.200000047683716,-0.47473448514938354,-1.2849822044372559,7035200
1.7914000749588013,-1.3502302169799805,11.5,24.386905670166016,24.828075408935547,7044800
0.02500114217400551,-1.3498023748397827,0.0,-7.809404373168945,-9.13420581817627,7056000
0.019845295697450638,-1.3498128652572632,0.0,-6.898687362670898,-8.228654861450195,7067200
0.016999877989292145,-1.3499560356140137,0.0,-6.3738884925842285,-7.706844806671143,7077600
0.03286268189549446,-1.349927306175232,0.0,-8.213933944702148,-9.530998229980469,7088000
0.010983564890921116,-1.3499404191970825,1.0,-4.866733074188232,-6.205689907073975,7098400
0.816143274307251,-1.3499834537506104,0.0,7.559999942779541,7.02616024017334,7109600
0.010884964838624,-1.3499279022216797,0.0,-5.005470275878906,-6.344513416290283,7120000
0.01493766251951456,-1.3497369289398193,0.3333333432674408,-5.6707844734191895,-7.005583763122559,7130400
1.0214341878890991,-1.3495784997940063,5.5,14.076539993286133,13.748394966125488,7140800
0.017862923443317413,-1.3490185737609863,0.6666666865348816,-6.0811004638671875,-7.412256240844727,7151200
0.011040993966162205,-1.3492796421051025,0.0,-4.924352645874023,-6.262591361999512,7162400
0.013715354725718498,-1.348809003829956,0.5,-5.261429786682129,-6.596523284912109,7173600
0.005138190928846598,-1.3493092060089111,0.0,-3.381917715072632,-4.726088523864746,7183200
2.460073232650757,-1.3490617275238037,12.0,17.911909103393555,19.022920608520508,7193600
0.009143583476543427,-1.3484259843826294,0.0,-4.561321258544922,-5.900603771209717,7205600
0.016251208260655403,-1.3485559225082397,0.0,-5.9246296882629395,-7.256934642791748,7216000
0.734192967414856,-1.3488082885742188,11.0,6.869897365570068,6.255281925201416,7226400
0.02882552705705166,-1.348402500152588,0.1666666716337204,-7.636044025421143,-8.955620765686035,7236800
0.6658380627632141,-1.3485008478164673,3.6666667461395264,3.306342363357544,2.6236796379089355,7248000
0.357636034488678,-1.3483240604400635,0.0,-0.3079875707626343,-1.298675537109375,7258400
0.9699482917785645,-1.347914457321167,0.5,11.13400936126709,10.756043434143066,7268800
0.7560941576957703,-1.3478988409042358,2.200000047683716,6.302182197570801,5.710377216339111,7280000
1.8401403427124023,-1.348229169845581,0.0,25.712738037109375,26.20465087890625,7290400
0.019101092591881752,-1.3478851318359375,0.0,-6.36443567276001,-7.6932196617126465,7300800
0.02261495403945446,-1.347798228263855,0.0,-6.879127502441406,-8.204310417175293,7312000
0.6470859050750732,-1.3481322526931763,0.0,3.218226194381714,2.5171799659729004,7322400
0.009953666478395462,-1.347896695137024,0.0,-4.847736358642578,-6.1856794357299805,7332800
0.015157079324126244,-1.3480947017669678,0.0,-5.918953895568848,-7.251891136169434,7343200
0.25506290793418884,-1.3482338190078735,0.0,-2.712702512741089,-3.805873394012451,7354400
0.013427997939288616,-1.3480051755905151,0.0,-5.640809535980225,-6.975386619567871,7364800
0.007808004971593618,-1.3482587337493896,0.0,-4.300056457519531,-5.640506744384766,7375200
0.9425303339958191,-1.348107933998108,6.0,11.120896339416504,10.71531867980957,7386400
1.0249104499816895,-1.348443627357483,5.5,13.78430461883545,13.460771560668945,7396800
0.8598877787590027,-1.3482367992401123,1.0,9.393741607666016,8.90539264678955,7407200
0.6952823400497437,-1.347222924232483,5.5,4.9662766456604,4.31433629989624,7418400
0.006748758722096682,-1.3488681316375732,0.0,-3.992891550064087,-5.335011005401611,7428800
0.781461775302887,-1.3484785556793213,5.5,6.892879962921143,6.325862884521484,7439200
0.00953912828117609,-1.3489725589752197,0.25,-4.419126033782959,-5.758559226989746,7450400
0.009953643195331097,-1.3489245176315308,0.0,-4.531844139099121,-5.870815277099609,7461600
1.017220139503479,-1.3487873077392578,0.0,10.892394065856934,10.560827255249023,7471200
0.018826091662049294,-1.3485864400863647,0.0,-6.471969127655029,-7.801729679107666,7482400
0.01046252716332674,-1.3485440015792847,0.0,-4.9856438636779785,-6.32372522354126,7492800
0.042964253574609756,-1.348523497581482,0.0,-9.350531578063965,-10.65609073638916,7504000
1.0699703693389893,-1.3486355543136597,0.0,13.510408401489258,13.231742858886719,7514400
0.9055295586585999,-1.3485682010650635,0.0,8.30626392364502,7.863225936889648,7524800
1.2077423334121704,-1.348381519317627,0.5,13.999801635742188,13.859163284301758,7536000
0.7744851112365723,-1.3481947183609009,2.75,4.929734230041504,4.356024742126465,7547200
1.2611767053604126,-1.3483638763427734,7.333333492279053,13.920536994934082,13.83335018157959,7557600
0.01971191167831421,-1.3479362726211548,0.0,-6.871283531188965,-8.199507713317871,7568800
0.03155268728733063,-1.3483461141586304,0.0,-8.096536636352539,-9.413330078125,7579200
0.825883150100708,-1.3485937118530273,3.6666667461395264,7.048122406005859,6.525411605834961,7589600
0.6558523774147034,-1.348629117012024,0.0,4.785193920135498,4.092417240142822,7600000
0.00860537774860859,-1.3486971855163574,1.0,-4.418214797973633,-5.758306503295898,7611200
2.242828369140625,-1.3487900495529175,3.6666667461395264,26.775182723999023,27.669221878051758,7622400
0.020488884299993515,-1.3488624095916748,0.5,-6.523923873901367,-7.852297782897949,7632800
0.010858836583793163,-1.3488640785217285,0.0,-5.101508140563965,-6.439513206481934,7643200
0.28401580452919006,-1.3487756252288818,5.5,-1.3831418752670288,-2.447901725769043,7654400
0.6668968200683594,-1.348368525505066,2.0,3.1111388206481934,2.4296669960021973,7665600
0.015787821263074875,-1.3478014469146729,0.0,-5.834694862365723,-7.166708946228027,7676000
0.03936798498034477,-1.3479546308517456,0.0,-9.096517562866211,-10.405104637145996,7686400
0.01804828643798828,-1.348044991493225,0.0,-6.424574375152588,-7.754570960998535,7698400
0.014822578988969326,-1.347852110862732,2.0,-5.737895488739014,-7.070925235748291,7708000
0.017634445801377296,-1.3474706411361694,0.0,-6.125123500823975,-7.454959869384766,7718400
0.01883615367114544,-1.3477351665496826,0.0,-6.208492755889893,-7.537391662597656,7729600
0.9847311973571777,-1.3478955030441284,0.3333333432674408,13.091039657592773,12.727875709533691,7740800
0.8765512704849243,-1.3474427461624146,2.75,9.890495300292969,9.419604301452637,7751200
0.8939780592918396,-1.347817301750183,11.0,10.095895767211914,9.642056465148926,7761600
0.019472844898700714,-1.3481074571609497,0.0,-6.336442947387695,-7.665077209472656,7772800
0.016274873167276382,-1.3483860492706299,0.0,-5.795619010925293,-7.127730369567871,7784000
0.5542272925376892,-1.3484694957733154,0.0,2.203368902206421,1.4091267585754395,7793600
0.7181909084320068,-1.3485188484191895,6.0,5.7074995040893555,5.077171802520752,7804000
0.02033725567162037,-1.3482511043548584,0.0,-6.507906436920166,-7.835820198059082,7816000
0.012023091316223145,-1.3486924171447754,0.0,-5.335978984832764,-6.6726484298706055,7826400
0.01161077432334423,-1.3489606380462646,1.0,-4.898730278015137,-6.236080169677734,7836800
0.005032045301049948,-1.3490169048309326,0.0,-3.4544472694396973,-4.798432350158691,7847200
0.011621729470789433,-1.348415493965149,0.25,-4.85329532623291,-6.190088748931885,7858400
1.341900110244751,-1.349111557006836,5.75,16.878313064575195,16.87110137939453,7868800
0.22641697525978088,-1.348586082458496,1.5714285373687744,-5.349560737609863,-6.471729755401611,7878400
0.4313143193721771,-1.348600149154663,11.0,-0.6532365083694458,-1.5705223083496094,7889600
0.028788242489099503,-1.3483202457427979,0.5,-7.8468828201293945,-9.166415214538574,7900000
0.034246399998664856,-1.3484619855880737,0.0,-8.583833694458008,-9.898049354553223,7910400
0.1153806746006012,-1.3481385707855225,0.0,-7.727499008178711,-8.960256576538086,7920000
0.7343471646308899,-1.348260760307312,2.75,3.4517080783843994,2.837794303894043,7932000
0.023726897314190865,-1.3481791019439697,1.0,-7.0467000007629395,-8.3711519241333,7942400
0.9169804453849792,-1.348157525062561,3.6666667461395264,9.519403457641602,9.088226318359375,7952000
0.03064192458987236,-1.347896695137024,0.0,-7.954608917236328,-9.27186393737793,7962400
0.014528841711580753,-1.3480836153030396,0.0,-5.8750457763671875,-7.2086005210876465,7973600
1.0641508102416992,-1.3480923175811768,0.0,11.798966407775879,11.51502513885498,7984000
0.023682963103055954,-1.3480507135391235,1.0,-7.119858264923096,-8.444226264953613,7994400
0.01437914464622736,-1.3483041524887085,0.0,-5.542533874511719,-6.876459121704102,8004800
0.6472150087356567,-1.3483363389968872,1.0,2.7750630378723145,2.073941707611084,8016000
0.012113814242184162,-1.3481239080429077,0.0,-4.998605728149414,-6.334615707397461,8026400
0.01330576278269291,-1.348256230354309,0.3333333432674408,-5.20307731628418,-6.538027763366699,8036000
1.5909653902053833,-1.3480558395385742,2.4000000953674316,18.883312225341797,19.126220703125,8046400
1.5011347532272339,-1.348137378692627,6.0,18.073938369750977,18.22693634033203,8057600
0.0318492129445076,-1.3479927778244019,0.0,-8.100394248962402,-9.41653823852539,8068000
0.014364396221935749,-1.3481124639511108,0.0,-5.700804233551025,-7.034552574157715,8078400
0.013558831065893173,-1.3482325077056885,0.0,-5.482781410217285,-6.817455291748047,8088800
0.9162654876708984,-1.3480538129806519,0.5,7.40813684463501,6.976347923278809,8100000
0.01808236539363861,-1.347625732421875,0.0,-6.5998640060424805,-7.929407596588135,8109600
1.9355965852737427,-1.3473012447357178,0.0,27.651960372924805,28.24025535583496,8120000
0.04492635652422905,-1.347517490386963,0.0,-9.658499717712402,-10.961090087890625,8131200
1.848885178565979,-1.3471627235412598,5.5,23.982763290405273,24.484485626220703,8141600
0.04882580041885376,-1.347303867340088,0.25,-10.155533790588379,-11.454011917114258,8151200
0.03039766475558281,-1.3473752737045288,0.6666666865348816,-7.863625526428223,-9.18060302734375,8161600
0.6457889080047607,-1.3467415571212769,0.0,1.8519433736801147,1.150990605354309,8172000
0.019113434478640556,-1.3468331098556519,0.0,-6.618890762329102,-7.946610450744629,8182400
0.028007546439766884,-1.3471020460128784,0.5,-7.598691463470459,-8.91778564453125,8191200
0.818713366985321,-1.347127079963684,6.0,6.590496063232422,6.062082290649414,8200000
0.019705360755324364,-1.3472398519515991,0.0,-6.5590338706970215,-7.886568546295166,8209600
2.8213632106781006,-1.3474078178405762,3.5714285373687744,33.32121276855469,34.795166015625,8219200
0.1530366688966751,-1.3475310802459717,3.6666667461395264,-4.9088239669799805,-6.103318214416504,8228000
0.014552120119333267,-1.3475958108901978,0.0,-5.500524044036865,-6.8335676193237305,8237600
0.20408570766448975,-1.347564697265625,0.0,-3.112640619277954,-4.256119728088379,8247200
1.0233443975448608,-1.347557544708252,11.0,12.590591430664062,12.266378402709961,8256800
0.01423704531043768,-1.3476715087890625,0.5,-5.422616958618164,-6.756051540374756,8265600
1.328859567642212,-1.347609043121338,0.3333333432674408,15.709094047546387,15.690345764160156,8275200
1.0409260988235474,-1.3474922180175781,0.0,11.302005767822266,10.995439529418945,8284800
0.7880964279174805,-1.3472621440887451,11.0,7.049352169036865,6.49018669128418,8293600
0.023587722331285477,-1.3471473455429077,0.0,-7.071134567260742,-8.394694328308105,8303200
0.7835476994514465,-1.347261905670166,0.0,2.7338569164276123,2.170142650604248,8312000
0.01808025874197483,-1.347130298614502,0.0,-6.556405067443848,-7.885455131530762,8321600
0.01754739135503769,-1.3473011255264282,0.0,-6.170710563659668,-7.500463962554932,8331200
0.7235330939292908,-1.3459651470184326,6.0,5.560410499572754,4.937978744506836,8340000
0.011679152026772499,-1.3470728397369385,0.0,-4.975499153137207,-6.3108930587768555,8349600
0.01786096580326557,-1.347702145576477,0.0,-6.132983684539795,-7.462824821472168,8359200
0.012051190249621868,-1.3469874858856201,0.0,-5.267764568328857,-6.602701187133789,8368000
0.010705110616981983,-1.3471095561981201,0.0,-4.953619003295898,-6.2900238037109375,8377600
0.013187958858907223,-1.3474202156066895,0.0,-5.299707889556885,-6.63394021987915,8387200
0.011993933469057083,-1.3474875688552856,0.0,-5.03967809677124,-6.375171661376953,8396800
0.012165844440460205,-1.3475488424301147,0.5,-5.027899742126465,-6.363282680511475,8405600
0.984905481338501,-1.3473478555679321,0.0,9.178587913513184,8.816144943237305,8415200
0.8675788640975952,-1.347628116607666,3.6666667461395264,10.251631736755371,9.771581649780273,8424000
0.017101673409342766,-1.3476793766021729,0.0,-6.048644542694092,-7.3792219161987305,8434400
0.011074181646108627,-1.3477431535720825,0.0,-5.1120195388793945,-6.448688507080078,8443200
1.0014835596084595,-1.3479602336883545,0.3333333432674408,11.561942100524902,11.215465545654297,8452000
1.6140811443328857,-1.348109245300293,0.0,17.12906265258789,17.395034790039062,8461600
0.9294441342353821,-1.3480205535888672,11.0,9.399063110351562,8.980486869812012,8471200
1.6621992588043213,-1.348301649093628,4.0,19.212759017944336,19.526657104492188,8480800
0.015046931803226471,-1.3483778238296509,0.0,-5.795370101928711,-7.1287007331848145,8489600
0.02043221890926361,-1.3483840227127075,0.5,-6.668397903442383,-7.996349811553955,8499200
0.23420950770378113,-1.3486099243164062,0.0,-3.8224713802337646,-4.936871528625488,8508800
0.02147754840552807,-1.3487217426300049,0.4000000059604645,-6.599066257476807,-7.9263105392456055,8517600
0.9728087186813354,-1.3487186431884766,3.25,9.074061393737793,8.698151588439941,8527200
0.8699166774749756,-1.3486597537994385,11.0,7.7038140296936035,7.225070953369141,8536800
0.02005010098218918,-1.3488153219223022,0.0,-6.552319049835205,-7.881084442138672,8546400
0.012998536229133606,-1.3487690687179565,0.0,-5.453089237213135,-6.788859844207764,8556000
0.0244133323431015,-1.34867525100708,0.3333333432674408,-7.128207683563232,-8.452469825744629,8564800
1.1331160068511963,-1.3487735986709595,0.0,12.138490676879883,11.922832489013672,8574400
0.01959318108856678,-1.34883451461792,0.0,-6.346695899963379,-7.675937175750732,8584000
0.9997727870941162,-1.3489634990692139,11.0,12.624807357788086,12.275616645812988,8592800
1.0110151767730713,-1.3486438989639282,1.0,9.971957206726074,9.63432788848877,8602400
0.014049441553652287,-1.3489083051681519,0.3333333432674408,-5.365394115447998,-6.700253009796143,8611200
0.26784548163414,-1.3492164611816406,0.0,-0.9831457138061523,-2.064516544342041,8620800
0.019754203036427498,-1.349001169204712,0.25,-6.333977222442627,-7.663224220275879,8630400
0.013205649331212044,-1.3490092754364014,0.0,-5.2872419357299805,-6.623045921325684,8639200
0.43128612637519836,-1.3487991094589233,0.0,0.7451115846633911,-0.17240142822265625,8648000
0.01658208854496479,-1.349103331565857,0.5,-5.872730731964111,-7.205252170562744,8657600
4.021725177764893,-1.3492649793624878,0.0,32.8657341003418,35.53819274902344,8667200
0.00824823509901762,-1.3492294549942017,0.0,-4.356670379638672,-5.697651386260986,8676000
0.6976466774940491,-1.3492363691329956,0.0,5.031831741333008,4.380241870880127,8685600
2.2386634349823,-1.3495773077011108,4.0,16.780155181884766,17.669240951538086,8695200
0.7821594476699829,-1.3494274616241455,0.0,6.369253635406494,5.801985740661621,8704000
0.01510381419211626,-1.3495290279388428,0.0,-5.641356468200684,-6.975781440734863,8713600
0.009700102731585503,-1.3495148420333862,0.0,-4.735550403594971,-6.07536506652832,8722400
0.010525110177695751,-1.3497823476791382,0.0,-4.749081134796143,-6.088338375091553,8732800
0.958713948726654,-1.3496313095092773,3.6666667461395264,10.318670272827148,9.927752494812012,8741600
0.8931172490119934,-1.349623680114746,0.0,8.31123161315918,7.854724884033203,8751200
0.8361756205558777,-1.3493173122406006,11.0,7.849806785583496,7.336665153503418,8760000
0.02239258401095867,-1.349318504333496,0.3333333432674408,-6.7805633544921875,-8.107488632202148,8769600
0.5350779891014099,-1.3493739366531372,0.0,0.22604189813137054,-0.5882540345191956,8779200
1.2321619987487793,-1.3493462800979614,0.0,15.068390846252441,14.95120620727539,8788000
0.010551069863140583,-1.349531650543213,0.0,-4.979649066925049,-6.318629741668701,8797600
0.012326330877840519,-1.3495380878448486,1.0,-5.148579120635986,-6.485791206359863,8807200
0.016967641189694405,-1.3495428562164307,0.0,-5.86456298828125,-7.197137832641602,8816800
0.015272341668605804,-1.3494912385940552,0.3333333432674408,-5.627691745758057,-6.961910724639893,8825600
1.0313364267349243,-1.3495670557022095,0.0,10.672775268554688,10.354544639587402,8835200
0.9543797969818115,-1.3494027853012085,0.0,9.215130805969238,8.820108413696289,8844000
0.013833203352987766,-1.3492343425750732,0.0,-5.432506561279297,-6.767908096313477,8853600
0.016930071637034416,-1.3490688800811768,0.5,-5.963840961456299,-7.2959794998168945,8863200
0.012366346083581448,-1.3490710258483887,0.0,-5.246592998504639,-6.5832977294921875,8872000
0.0080464668571949,-1.349128246307373,0.0,-4.386607646942139,-5.727689266204834,8881600
0.012377047911286354,-1.3492332696914673,0.0,-5.144896507263184,-6.481752395629883,8891200
0.768501341342926,-1.3491098880767822,4.0,6.215549945831299,5.634941101074219,8900800
1.7260862588882446,-1.3492482900619507,4.0,21.685047149658203,22.0618839263916,8909600
0.5457794666290283,-1.3492673635482788,5.5,1.241304636001587,0.4378167390823364,8919200
0.19328662753105164,-1.3492834568023682,11.0,-2.4424660205841064,-3.5984628200531006,8928800
0.014388905838131905,-1.3493266105651855,0.0,-5.487873077392578,-6.822810649871826,8938400
0.953458845615387,-1.349313497543335,0.3333333432674408,9.393796920776367,8.997941970825195,8947200
0.02066309005022049,-1.3493292331695557,0.0,-6.548650741577148,-7.877316474914551,8956800
0.011256423778831959,-1.3488636016845703,0.0,-5.020534992218018,-6.358142375946045,8966400
1.479257583618164,-1.3490722179412842,2.0,14.710966110229492,14.841151237487793,8976000
0.031026460230350494,-1.3489967584609985,0.0,-8.01384162902832,-9.331811904907227,8985600
1.0635329484939575,-1.3490803241729736,3.6666667461395264,12.677220344543457,12.39167308807373,8994400
0.01998087204992771,-1.349061131477356,0.0,-6.415186882019043,-7.744266986846924,9004800
2.079303741455078,-1.349165916442871,0.3333333432674408,26.875396728515625,27.605533599853516,9014400
1.0369441509246826,-1.3489669561386108,0.0,10.036518096923828,9.724495887756348,9023200
0.02964920923113823,-1.3489422798156738,0.0,-7.831172466278076,-9.15046501159668,9032800
0.722194254398346,-1.3490679264068604,11.0,4.086179256439209,3.45930552482605,9042400
3.1308016777038574,-1.3489360809326172,4.333333492279053,27.19454574584961,28.976411819458008,9052000
0.023654047399759293,-1.3488579988479614,0.0,-7.122206211090088,-8.447410583496094,9061600
0.019568732008337975,-1.348926067352295,0.0,-6.5317158699035645,-7.861073017120361,9070400
0.02097211591899395,-1.3489229679107666,0.0,-6.588531017303467,-7.916481971740723,9080800
0.9586436152458191,-1.34885573387146,3.6666667461395264,9.55314826965332,9.162936210632324,9090400
0.011284707114100456,-1.3489477634429932,0.0,-5.144667625427246,-6.482330322265625,9099200
0.020008930936455727,-1.348846197128296,0.0,-6.708670139312744,-8.037507057189941,9108800
2.1665875911712646,-1.3488545417785645,0.0,27.503219604492188,28.320953369140625,9118400
0.9947880506515503,-1.348992943763733,1.0,9.483280181884766,9.129075050354004,9128000
0.02072758413851261,-1.3488532304763794,0.3333333432674408,-6.664198398590088,-7.992323875427246,9137600
0.013626162894070148,-1.348868727684021,0.0,-5.574893951416016,-6.910136699676514,9147200
0.02149382419884205,-1.3488558530807495,0.0,-6.7144880294799805,-8.041850090026855,9156800
0.7111010551452637,-1.3489845991134644,0.0,3.3707118034362793,2.732828140258789,9166400
0.013561340048909187,-1.3489463329315186,0.0,-5.6607160568237305,-6.996101379394531,9176000
0.7137886881828308,-1.348952054977417,0.0,4.112369060516357,3.477205514907837,9185600
0.01398728508502245,-1.3489817380905151,0.0,-5.726437091827393,-7.061431884765625,9195200
0.013421908020973206,-1.3490056991577148,1.0,-5.5089592933654785,-6.844542980194092,9204800
0.017739659175276756,-1.3489582538604736,1.0,-6.08193826675415,-7.413156509399414,9213600
0.011777724139392376,-1.3490018844604492,0.0,-5.233948230743408,-6.57117223739624,9223200
0.019483836367726326,-1.3488731384277344,0.5,-6.37692403793335,-7.706313133239746,9232800
0.014420914463698864,-1.348883032798767,0.0,-5.797084808349609,-7.131546974182129,9242400
0.01724199578166008,-1.348978042602539,1.0,-6.066198825836182,-7.397934913635254,9251200
1.1457030773162842,-1.3490465879440308,0.0,11.667601585388184,11.464258193969727,9260800
0.014171534217894077,-1.3491674661636353,0.0,-5.566913604736328,-6.901909351348877,9271200
0.021506449207663536,-1.3491387367248535,0.5,-6.6531500816345215,-7.980782508850098,9280000
0.018466323614120483,-1.3492181301116943,0.0,-6.108293056488037,-7.439044952392578,9289600
0.0147395683452487,-1.3492236137390137,0.0,-5.599408149719238,-6.933892250061035,9299200
0.5228177309036255,-1.3490219116210938,0.5,-0.7447217106819153,-1.5709259510040283,9308800
0.015716049820184708,-1.34490966796875,0.0,-5.597177982330322,-6.9263715744018555,9318400
0.022789720445871353,-1.3490726947784424,0.0,-6.8296685218811035,-8.155951499938965,9327200
0.5861430168151855,-1.3488149642944336,5.5,1.8716140985488892,1.1089420318603516,9336800
0.012928836047649384,-1.3492096662521362,0.0,-5.374789714813232,-6.711070537567139,9346400
0.025458913296461105,-1.3491384983062744,0.0,-7.343413352966309,-8.667093276977539,9355200
0.011370262131094933,-1.3491772413253784,0.0,-5.138067722320557,-6.475874900817871,9364800
0.017896955832839012,-1.3491348028182983,0.3333333432674408,-6.16524600982666,-7.49648380279541,9374400
0.017455721274018288,-1.349197506904602,1.0,-6.033698081970215,-7.3654398918151855,9384000
0.022977927699685097,-1.3491419553756714,0.0,-6.766903400421143,-8.093067169189453,9393600
0.8675540089607239,-1.349143624305725,11.0,7.871805667877197,7.39021635055542,9403200
0.01615866832435131,-1.3491885662078857,0.0,-5.842110633850098,-7.175140380859375,9412800
0.011070909909904003,-1.3491703271865845,0.0,-5.091689586639404,-6.429789066314697,9422400
0.016563136130571365,-1.3492116928100586,0.0,-5.949121475219727,-7.2817702293396,9431200
1.0269016027450562,-1.3491926193237305,0.0,8.936299324035645,8.614007949829102,9440800
0.32187172770500183,-1.3490818738937378,0.0,-1.7794016599655151,-2.8066117763519287,9450400
0.013383517973124981,-1.3490159511566162,0.0,-5.578355312347412,-6.91398811340332,9460000
0.02036619372665882,-1.3490703105926514,2.0,-6.656314849853516,-7.985018730163574,9469600
0.02474270388484001,-1.3491073846817017,0.5,-7.116322040557861,-8.44068717956543,9479200
0.019952937960624695,-1.3491463661193848,0.0,-6.403072357177734,-7.732265949249268,9488800
0.015972809866070747,-1.3490054607391357,0.0,-5.968744277954102,-7.301776885986328,9497600
0.028905363753437996,-1.3489488363265991,0.0,-7.833271503448486,-9.153314590454102,9507200
0.019714482128620148,-1.3489513397216797,3.0,-6.586910247802734,-7.916147232055664,9517600
1.071344017982483,-1.3489168882369995,0.0,9.52315902709961,9.245586395263672,9526400
0.01994388923048973,-1.3489817380905151,0.0,-6.559849262237549,-7.888887405395508,9536000
1.8282612562179565,-1.3490521907806396,4.400000095367432,18.927587509155273,19.406795501708984,9544800
0.022919850423932076,-1.3489875793457031,0.0,-7.090043067932129,-8.41611099243164,9554400
0.019560040906071663,-1.3490082025527954,0.0,-6.375408172607422,-7.7048563957214355,9564000
0.8202691078186035,-1.3490006923675537,1.0,5.02263069152832,4.493899345397949,9573600
1.938706398010254,-1.348917841911316,3.6666667461395264,23.987869262695312,24.57765769958496,9582400
0.04937334358692169,-1.348799467086792,0.6666666865348816,-6.424714088439941,-7.724140167236328,9592000
0.8807935118675232,-1.3487986326217651,0.0,5.793465614318848,5.325460433959961,9601600
0.07940725982189178,-1.348785638809204,2.200000047683716,-6.485818862915039,-7.755197525024414,9611200
0.027406509965658188,-1.3487733602523804,0.0,-7.465272426605225,-8.786639213562012,9620800
0.020129477605223656,-1.3487894535064697,0.0,-6.796886444091797,-8.1255464553833,9630400
1.2608716487884521,-1.348785161972046,1.0,12.226972579956055,12.139059066772461,9640000
0.8288218379020691,-1.3488140106201172,5.5,5.60925817489624,5.089265823364258,9648800
0.029666325077414513,-1.3487777709960938,0.0,-7.821409702301025,-9.140521049499512,9658400
1.022983193397522,-1.3488656282424927,0.0,8.080422401428223,7.75454044342041,9668000
0.015194223262369633,-1.3488715887069702,0.0,-5.973331451416016,-7.307008743286133,9677600
0.020499875769019127,-1.3488271236419678,0.5,-6.719106674194336,-8.047433853149414,9686400
1.808437705039978,-1.3488178253173828,0.5,20.487335205078125,20.94695472717285,9696000
0.016938235610723495,-1.3487417697906494,0.0,-6.226457595825195,-7.558260917663574,9705600
0.03555653616786003,-1.3485839366912842,0.0,-8.515658378601074,-9.828685760498047,9715200
0.022910425439476967,-1.3487147092819214,0.0,-7.036462306976318,-8.362266540527344,9724000
2.1850035190582275,-1.3487478494644165,5.5,25.933809280395508,26.770065307617188,9733600
1.128304123878479,-1.3487366437911987,1.0,10.129650115966797,9.909217834472656,9743200
0.7139449119567871,-1.3487390279769897,0.5,0.619857668876648,-0.014936447143554688,9752000
0.016635721549391747,-1.3487571477890015,0.0,-6.239203929901123,-7.571325302124023,9761600
1.734079360961914,-1.348745584487915,4.0,17.413177490234375,17.798511505126953,9771200
0.04802683740854263,-1.348734736442566,0.25,-10.138254165649414,-11.43896198272705,9780800
1.0457453727722168,-1.348799705505371,3.6666667461395264,9.780653953552246,9.477599143981934,9789600
0.038038674741983414,-1.3487354516983032,0.1666666716337204,-8.853264808654785,-10.163962364196777,9800000
0.015132418833673,-1.3487625122070312,0.0,-5.988920211791992,-7.322550296783447,9808800
0.033676330000162125,-1.3487707376480103,0.0,-8.453611373901367,-9.768706321716309,9818400
0.015633298084139824,-1.3487708568572998,0.0,-5.896516799926758,-7.229654312133789,9827200
0.019104205071926117,-1.3486684560775757,0.0,-6.418605327606201,-7.748169898986816,9837600
0.02241302654147148,-1.3484431505203247,0.0,-6.851734161376953,-8.177763938903809,9846400
0.027286680415272713,-1.348639965057373,0.0,-7.369333267211914,-8.69068717956543,9856000
1.1524955034255981,-1.3486634492874146,0.5,11.028907775878906,10.83273983001709,9865600
0.6643646359443665,-1.3486683368682861,2.5999999046325684,2.3583593368530273,1.674055576324463,9874400
0.32926833629608154,-1.348672866821289,0.0,-3.172329902648926,-4.191734313964844,9884000
0.6335257887840271,-1.3486754894256592,5.5,2.3145291805267334,1.599379539489746,9893600
0.1006208062171936,-1.3486840724945068,0.0,-4.734225273132324,-5.982288360595703,9903200
0.014319145120680332,-1.348683476448059,0.0,-5.771883487701416,-7.106247901916504,9912800
2.15354585647583,-1.3486703634262085,4.333333492279053,25.370601654052734,26.17547607421875,9922400
3.009349822998047,-1.3486801385879517,4.0,39.6494255065918,41.310096740722656,9931200
0.022862479090690613,-1.3486648797988892,0.0,-6.8874592781066895,-8.213261604309082,9940800
0.02112828940153122,-1.348682165145874,0.0,-6.619256973266602,-7.946810722351074,9950400
0.9022079706192017,-1.3486777544021606,1.8571428060531616,5.661491870880127,5.215022087097168,9959200
0.014700915664434433,-1.3486672639846802,0.0,-5.888981819152832,-7.22294807434082,9969600
0.0283522866666317,-1.3486846685409546,0.25,-7.6290059089660645,-8.94933795928955,9978400
0.021926410496234894,-1.3486988544464111,0.0,-6.7922749519348145,-8.119047164916992,9988000
0.024616841226816177,-1.3486711978912354,0.5,-7.115236282348633,-8.439291000366211,9997600
1.2331571578979492,-1.3486663103103638,0.0,13.358437538146973,13.242928504943848,10005600
