baseline_loss,entropy_loss,mean_episode_return,pg_loss,total_loss,frame
451.7462463378906,-1.8672419173526578e-05,0.0,0.0012394838267937303,451.7474670410156,1600
34.73289489746094,-0.010076647624373436,0.0,-0.019657718017697334,34.70315933227539,8800
14.912269592285156,-0.16033205389976501,0.0,-0.385963499546051,14.365974426269531,17600
4.154416561126709,-0.644095778465271,0.0,-0.31142252683639526,3.1988983154296875,28000
3.1564528942108154,-0.6907082200050354,0.0,0.7554516792297363,3.221196413040161,38400
0.565067708492279,-1.0499523878097534,0.0,-0.3217504620552063,-0.8066351413726807,48000
0.37203726172447205,-1.1122229099273682,0.0,-2.2442522048950195,-2.984437942504883,57600
0.4572031497955322,-1.219739556312561,5.5,5.910482883453369,5.147946834564209,68800
0.19634108245372772,-1.2357282638549805,0.0,-1.7476282119750977,-2.787015438079834,78400
0.22115612030029297,-1.2819514274597168,0.0,-0.5569645166397095,-1.6177598237991333,88800
0.3620182275772095,-1.229925274848938,0.0,-3.116673231124878,-3.9845800399780273,99200
0.40376463532447815,-1.2519680261611938,0.0,-2.7895593643188477,-3.6377625465393066,108800
0.16403289139270782,-1.2455395460128784,0.0,-2.540794849395752,-3.6223015785217285,119200
0.5127098560333252,-1.2734664678573608,0.0,3.2436444759368896,2.4828877449035645,129600
0.07758071273565292,-1.2952123880386353,0.5,0.6132127642631531,-0.604418933391571,140000
0.1563599854707718,-1.2848550081253052,0.0,-4.083012580871582,-5.211507797241211,149600
0.2824511229991913,-1.2956783771514893,0.25,3.8211042881011963,2.8078768253326416,160000
0.4956407845020294,-1.2989425659179688,5.5,6.620786190032959,5.817484378814697,169600
0.24542981386184692,-1.3022102117538452,0.25,0.3174876868724823,-0.7392927408218384,180000
0.0416845940053463,-1.326490044593811,0.0,0.16767632961273193,-1.1171290874481201,189600
0.2980671525001526,-1.3249142169952393,0.3333333432674408,0.7360318303108215,-0.29081523418426514,199200
0.5532039999961853,-1.3142437934875488,2.4000000953674316,-4.6709885597229,-5.432028293609619,209600
0.4310229420661926,-1.296889305114746,6.0,4.366758823394775,3.5008926391601562,220800
0.1526828110218048,-1.3113998174667358,0.0,-9.403169631958008,-10.561885833740234,231200
0.10742434114217758,-1.3115901947021484,0.0,-3.994443893432617,-5.198609828948975,241600
0.059467218816280365,-1.3163634538650513,0.0,-4.383592128753662,-5.640488147735596,252000
0.07044532150030136,-1.3099573850631714,1.0,-3.6439218521118164,-4.883433818817139,262400
0.26222890615463257,-1.3131496906280518,0.0,2.417269468307495,1.3663487434387207,271200
0.07871061563491821,-1.3190757036209106,0.0,0.2174322009086609,-1.0229328870773315,281600
0.7509005069732666,-1.325549840927124,0.0,9.499622344970703,8.924972534179688,291200
0.14543838798999786,-1.329701542854309,0.0,0.3922679126262665,-0.7919952273368835,301600
0.061140384525060654,-1.3336204290390015,0.5,-2.552250623703003,-3.82473087310791,312800
0.2620014548301697,-1.338448405265808,11.0,1.8366376161575317,0.7601906061172485,323200
0.14877429604530334,-1.3315837383270264,0.0,-3.4006285667419434,-4.583437919616699,333600
0.9291832447052002,-1.331300139427185,0.0,8.285674095153809,7.883556842803955,343200
0.09427492320537567,-1.323546290397644,0.25,-5.609853744506836,-6.839125156402588,352800
0.2827026844024658,-1.3318281173706055,0.0,3.246037244796753,2.1969118118286133,363200
0.02068384364247322,-1.336913824081421,0.0,-1.188031554222107,-2.5042614936828613,373600
0.044685523957014084,-1.325965404510498,0.0,-2.4902901649475098,-3.7715699672698975,384000
0.02500481903553009,-1.3344831466674805,0.0,-1.0537902116775513,-2.3632683753967285,394400
0.397495836019516,-1.327985167503357,0.0,5.167906761169434,4.237417221069336,404800
0.4889342486858368,-1.3139817714691162,2.0,2.1048872470855713,1.2798397541046143,415200
0.04763549193739891,-1.3192249536514282,0.0,-5.9635467529296875,-7.235136032104492,425600
0.033586785197257996,-1.329949975013733,0.0,-1.6187480688095093,-2.9151113033294678,436000
0.043840568512678146,-1.3342819213867188,0.0,-3.398526906967163,-4.688968181610107,447200
0.021778011694550514,-1.334943413734436,0.0,-0.862297773361206,-2.1754631996154785,457600
0.02242336980998516,-1.33631432056427,0.0,-1.1063077449798584,-2.420198678970337,468000
0.4806308150291443,-1.335463047027588,11.0,8.313390731811523,7.458558559417725,478400
0.32734599709510803,-1.3345394134521484,5.5,3.1307878494262695,2.1235945224761963,488000
0.02410428784787655,-1.332861304283142,1.0,-1.6564781665802002,-2.9652352333068848,498400
0.40392568707466125,-1.33787202835083,3.6666667461395264,6.4084882736206055,5.474542140960693,508800
0.07774820178747177,-1.3320777416229248,0.0,-4.907707214355469,-6.162036895751953,519200
0.02837902121245861,-1.3334993124008179,0.5,-2.8259387016296387,-4.131059169769287,529600
0.47274839878082275,-1.3342024087905884,2.75,2.5385007858276367,1.6770466566085815,540000
0.34396475553512573,-1.3377622365951538,3.6666667461395264,2.4256739616394043,1.431876540184021,550400
0.3436756432056427,-1.3326382637023926,5.5,5.060866355895996,4.071903705596924,560800
0.02737484872341156,-1.3348891735076904,0.5,-0.492366224527359,-1.7998805046081543,571200
0.287821501493454,-1.3358843326568604,0.0,1.8059991598129272,0.7579362392425537,581600
0.16110937297344208,-1.3409205675125122,0.0,0.9203122854232788,-0.2594989538192749,592800
0.25860780477523804,-1.3358662128448486,6.0,0.9556562900543213,-0.12160205841064453,603200
0.15230309963226318,-1.3339669704437256,0.0,0.09146493673324585,-1.0901989936828613,612000
0.6835277080535889,-1.338868498802185,7.333333492279053,10.800691604614258,10.14535140991211,622400
0.026616878807544708,-1.3386627435684204,0.0,-1.5568784475326538,-2.868924140930176,632800
1.193764328956604,-1.3386938571929932,0.0,11.502403259277344,11.357474327087402,643200
0.020189318805933,-1.3379093408584595,0.0,-1.6328092813491821,-2.9505293369293213,654400
0.07061676681041718,-1.3358393907546997,0.3333333432674408,-1.2206522226333618,-2.485874891281128,664000
0.020547999069094658,-1.3377162218093872,0.0,-2.940065622329712,-4.257233619689941,674400
0.014568084850907326,-1.3415064811706543,0.0,-1.1364325284957886,-2.4633708000183105,684800
0.26007550954818726,-1.3409065008163452,3.6666667461395264,-0.13478289544582367,-1.215613842010498,694400
0.18928828835487366,-1.3398336172103882,3.6666667461395264,-0.7326496243476868,-1.883194923400879,705600
0.6529626846313477,-1.3413734436035156,3.6666667461395264,11.639902114868164,10.951491355895996,716800
0.21706734597682953,-1.341920018196106,11.0,1.9439162015914917,0.8190635442733765,726400
0.49257373809814453,-1.339489221572876,11.0,7.832324981689453,6.985409736633301,737600
0.03954874724149704,-1.3414254188537598,0.0,-4.8891096115112305,-6.190986156463623,748000
0.04774034768342972,-1.3407468795776367,0.0,-5.506882667541504,-6.799889087677002,757600
0.42289337515830994,-1.3430330753326416,0.0,6.031443119049072,5.111303329467773,768800
0.04519663751125336,-1.3437696695327759,0.0,-7.45771598815918,-8.7562894821167,779200
0.04682416096329689,-1.3405492305755615,1.0,-4.393305778503418,-5.687030792236328,789600
0.5124343037605286,-1.339461088180542,3.6666667461395264,2.488924503326416,1.6618976593017578,800000
0.014606856741011143,-1.3414900302886963,0.0,-2.22377872467041,-3.55066180229187,811200
0.0111156664788723,-1.3399770259857178,0.0,-1.0693752765655518,-2.3982367515563965,821600
0.011872323229908943,-1.3420144319534302,0.0,-1.7439086437225342,-3.0740509033203125,831200
0.22410646080970764,-1.340009093284607,2.75,-3.9578232765197754,-5.073725700378418,842400
0.2062191367149353,-1.3435510396957397,2.200000047683716,3.6905875205993652,2.553255558013916,852000
0.07549645751714706,-1.3423876762390137,0.0,-9.049022674560547,-10.315914154052734,863200
0.34429338574409485,-1.3445134162902832,2.75,-1.7126200199127197,-2.7128400802612305,873600
0.3175758123397827,-1.3413054943084717,0.0,0.21404433250427246,-0.8096853494644165,884000
0.01090715266764164,-1.341918706893921,0.0,-1.5068434476852417,-2.8378548622131348,894400
0.009881589561700821,-1.345632791519165,0.0,-3.2516937255859375,-4.587445259094238,904000
0.022737490013241768,-1.3438808917999268,0.0,-5.1491594314575195,-6.470302581787109,915200
0.014124972745776176,-1.3415693044662476,0.0,-0.66749107837677,-1.994935393333435,925600
0.05189280956983566,-1.3411239385604858,0.0,-5.89653205871582,-7.185763359069824,936000
0.009218881838023663,-1.3432191610336304,0.0,-1.9890342950820923,-3.3230345249176025,945600
0.140089213848114,-1.343172550201416,0.0,-2.9993131160736084,-4.202396392822266,956000
0.15897192060947418,-1.339225172996521,0.5,2.4063329696655273,1.2260798215866089,966400
0.011576185002923012,-1.3418469429016113,0.0,-2.780539035797119,-4.110809803009033,976800
0.01494069118052721,-1.3432036638259888,0.0,-2.961489200592041,-4.289752006530762,986400
0.015683898702263832,-1.3433430194854736,0.3333333432674408,-3.004844903945923,-4.3325042724609375,996800
0.8980632424354553,-1.3431638479232788,3.0,10.724258422851562,10.279158592224121,1007200
0.007455334533005953,-1.3420743942260742,0.0,-0.7777517437934875,-2.112370729446411,1017600
0.01202354021370411,-1.343499779701233,0.0,-0.9632128477096558,-2.294689178466797,1028000
0.01017015241086483,-1.3442459106445312,1.0,-1.4435577392578125,-2.7776336669921875,1038400
0.012177162803709507,-1.3460009098052979,0.0,-1.1130257844924927,-2.4468495845794678,1049600
0.9676238298416138,-1.345874547958374,0.0,16.203784942626953,15.82553482055664,1059200
0.03303038328886032,-1.3434443473815918,0.0,-6.177057266235352,-7.487471103668213,1069600
0.018945559859275818,-1.3433371782302856,0.0,-2.8991854190826416,-4.22357702255249,1080800
1.3719946146011353,-1.34511399269104,7.333333492279053,25.336528778076172,25.3634090423584,1091200
0.01365891844034195,-1.3473063707351685,1.0,-3.3170166015625,-4.65066385269165,1100800
0.10649129748344421,-1.346886157989502,11.0,-3.028188467025757,-4.268583297729492,1111200
0.02174287661910057,-1.343819499015808,0.0,-2.090993642807007,-3.4130702018737793,1121600
0.01635718159377575,-1.3431129455566406,0.0,-2.084397315979004,-3.4111530780792236,1132000
0.02540355548262596,-1.3455578088760376,0.0,-3.9945921897888184,-5.314746379852295,1142400
0.3516246974468231,-1.3453435897827148,4.0,6.12437629699707,5.130657196044922,1153600
0.0075765084475278854,-1.3456062078475952,0.5,0.6777388453483582,-0.6602908372879028,1164000
0.025978142395615578,-1.342375636100769,0.0,-2.982571840286255,-4.298969268798828,1173600
0.010956337675452232,-1.340234398841858,0.0,-1.5119297504425049,-2.841207981109619,1184800
0.5208985209465027,-1.3419303894042969,3.25,3.3499813079833984,2.528949499130249,1194400
0.0327470563352108,-1.3390380144119263,0.0,-6.081214427947998,-7.387505054473877,1204800
0.41500914096832275,-1.3389458656311035,0.3333333432674408,3.904660701751709,2.9807238578796387,1215200
0.02035585418343544,-1.3348720073699951,0.0,-4.162118434906006,-5.476634979248047,1226400
0.01268075779080391,-1.3403300046920776,0.0,-1.1341983079910278,-2.4618475437164307,1236000
0.00972289964556694,-1.3395496606826782,0.0,-2.3251328468322754,-3.6549596786499023,1246400
0.38434043526649475,-1.338372826576233,0.0,7.052370071411133,6.098337650299072,1257600
0.01124085858464241,-1.3379273414611816,0.0,-3.8405921459198,-5.167278289794922,1267200
0.29096361994743347,-1.342013955116272,5.5,0.5732120871543884,-0.47783827781677246,1277600
0.017851421609520912,-1.3382312059402466,0.0,-3.52242374420166,-4.842803478240967,1288800
0.5153777003288269,-1.338605284690857,0.3333333432674408,5.438920497894287,4.615692615509033,1298400
0.060629721730947495,-1.3416377305984497,0.25,-0.4205203056335449,-1.7015283107757568,1309600
0.009171593002974987,-1.3437010049819946,0.0,-3.5053634643554688,-4.839892864227295,1319200
0.5055369138717651,-1.3420311212539673,4.333333492279053,7.092550754547119,6.256056785583496,1330400
0.034455422312021255,-1.3398933410644531,1.0,-5.652364730834961,-6.957802772521973,1340800
1.1377516984939575,-1.3379276990890503,5.5,16.04841423034668,15.848238945007324,1350400
0.6117904782295227,-1.3390361070632935,0.0,5.17447566986084,4.447230339050293,1360800
0.34574201703071594,-1.334113597869873,0.0,4.721764087677002,3.7333927154541016,1370400
0.06867431849241257,-1.328024983406067,0.0,-0.788053572177887,-2.0474042892456055,1380800
0.0711660087108612,-1.3225698471069336,0.0,-8.187594413757324,-9.438998222351074,1391200
0.03794245049357414,-1.3290607929229736,0.0,-6.512791156768799,-7.8039093017578125,1401600
0.563072144985199,-1.334375023841858,2.5999999046325684,-0.49240657687187195,-1.2637094259262085,1411200
1.0112301111221313,-1.3343948125839233,4.0,13.017890930175781,12.694726943969727,1422400
0.01437381561845541,-1.3404405117034912,1.0,-3.0061464309692383,-4.332213401794434,1432800
0.005784736480563879,-1.3395417928695679,0.0,-1.6143653392791748,-2.948122501373291,1442400
0.020444028079509735,-1.3416965007781982,0.0,-3.259037733078003,-4.5802903175354,1452800
0.3253210484981537,-1.3430290222167969,0.0,4.597486972808838,3.5797791481018066,1462400
0.7225081324577332,-1.344029188156128,2.0,11.947179794311523,11.325658798217773,1472000
0.9129285216331482,-1.3457690477371216,11.0,14.268065452575684,13.835225105285645,1482400
0.0070678419433534145,-1.3461594581604004,0.3333333432674408,-2.2272655963897705,-3.566357135772705,1492800
0.0071984874084591866,-1.3471368551254272,0.0,-3.354433536529541,-4.694371700286865,1503200
0.018580444157123566,-1.3468406200408936,0.0,-4.077033042907715,-5.4052934646606445,1513600
0.8673292398452759,-1.3464536666870117,0.0,16.28059196472168,15.801466941833496,1524000
0.005897038150578737,-1.3462873697280884,0.0,-0.957866370677948,-2.2982566356658936,1534400
0.03321526199579239,-1.3466242551803589,0.0,-7.267573356628418,-8.580982208251953,1544800
0.013170660473406315,-1.3461567163467407,0.0,-4.287152290344238,-5.620138168334961,1555200
0.12387207895517349,-1.341076135635376,3.6666667461395264,-1.6850208044052124,-2.9022250175476074,1565600
0.31583720445632935,-1.342661738395691,11.0,6.575843811035156,5.5490193367004395,1576000
0.022999657317996025,-1.3439501523971558,0.0,-5.737717628479004,-7.05866813659668,1587200
0.5649593472480774,-1.3436781167984009,5.5,8.177133560180664,7.3984150886535645,1596800
0.009565519168972969,-1.345519781112671,0.0,-1.9683632850646973,-3.3043174743652344,1607200
0.003914171364158392,-1.3448690176010132,0.0,-1.4415243864059448,-2.7824792861938477,1617600
0.3665667474269867,-1.3421556949615479,2.4000000953674316,6.142695426940918,5.167106628417969,1628000
1.086734414100647,-1.3440072536468506,1.0,17.440969467163086,17.183696746826172,1638400
1.0900160074234009,-1.3387037515640259,0.0,17.77982521057129,17.531137466430664,1648800
0.03674038127064705,-1.33734130859375,0.0,-3.092543601989746,-4.393144607543945,1659200
0.007426395080983639,-1.3381973505020142,0.0,-2.2107410430908203,-3.5415120124816895,1670400
0.0159671138972044,-1.3344662189483643,0.5,-4.055876731872559,-5.37437629699707,1680800
0.5751779079437256,-1.3401957750320435,2.200000047683716,5.268881797790527,4.503864288330078,1692000
0.13372457027435303,-1.3420137166976929,5.5,-0.9284945726394653,-2.1367835998535156,1701600
0.004560732748359442,-1.3444077968597412,0.0,-2.3614611625671387,-3.701308250427246,1711200
0.006744574289768934,-1.3405121564865112,1.0,-2.7354884147644043,-4.069255828857422,1721600
0.3261874318122864,-1.3424088954925537,0.0,5.9490275382995605,4.932806015014648,1732000
0.5209604501724243,-1.3452823162078857,5.5,5.447824478149414,4.623502731323242,1741600
0.026847511529922485,-1.3460488319396973,0.0,-3.223757266998291,-4.5429582595825195,1752000
0.007608569227159023,-1.3466352224349976,0.0,-2.977116584777832,-4.316143035888672,1761600
0.005806542932987213,-1.3467795848846436,0.0,-1.5308409929275513,-2.871814012527466,1772000
0.1818244457244873,-1.3479090929031372,2.75,0.7785189747810364,-0.3875656723976135,1782400
0.02264977991580963,-1.3460251092910767,0.25,-6.090539932250977,-7.413915157318115,1792800
0.03048057109117508,-1.3465133905410767,1.0,-7.74309778213501,-9.059130668640137,1803200
0.0031387496273964643,-1.3435577154159546,0.0,-0.7202854156494141,-2.060704469680786,1813600
0.047322146594524384,-1.344643473625183,2.200000047683716,-4.789512634277344,-6.086833953857422,1823200
0.01509255450218916,-1.3411518335342407,0.0,-3.5832860469818115,-4.9093451499938965,1834400
0.012552360072731972,-1.343031644821167,0.0,-4.013457298278809,-5.343936920166016,1844000
0.3595498204231262,-1.3387669324874878,7.666666507720947,1.381557822227478,0.40234076976776123,1854400
0.012827979400753975,-1.3373472690582275,0.0,-2.6794190406799316,-4.003938674926758,1864800
0.6013982892036438,-1.3421436548233032,0.0,8.245565414428711,7.504820346832275,1875200
0.008521731942892075,-1.3463181257247925,0.0,-2.1237409114837646,-3.4615373611450195,1886400
0.004470470827072859,-1.3480111360549927,0.0,-0.777712345123291,-2.12125301361084,1896800
0.013854392804205418,-1.3482681512832642,0.5,-4.529451370239258,-5.863864898681641,1905600
0.01706859841942787,-1.3478020429611206,0.0,-3.5538618564605713,-4.8845953941345215,1915200
0.0144412936642766,-1.3455173969268799,0.0,-4.491569995880127,-5.822646141052246,1925600
0.013569192960858345,-1.3444898128509521,0.0,-3.5544533729553223,-4.885374069213867,1936000
0.012976791709661484,-1.3446470499038696,0.0,-4.9864277839660645,-6.318098068237305,1946400
0.3424667716026306,-1.3440172672271729,0.0,2.0910897254943848,1.0895392894744873,1956800
0.011223113164305687,-1.343910813331604,0.0,-3.3359735012054443,-4.668661117553711,1967200
0.02207072451710701,-1.3451772928237915,0.0,-5.678411483764648,-7.0015177726745605,1977600
0.31038159132003784,-1.3462913036346436,0.0,1.7781565189361572,0.7422468662261963,1987200
0.5413930416107178,-1.347732663154602,0.0,8.276735305786133,7.470396041870117,1997600
0.017486663535237312,-1.34702467918396,0.0,-5.905928134918213,-7.235466003417969,2007200
0.004267669282853603,-1.3458307981491089,0.0,-1.8562095165252686,-3.19777250289917,2017600
1.7206703424453735,-1.3459445238113403,1.0,18.940324783325195,19.31505012512207,2028000
0.005259431898593903,-1.3458378314971924,0.0,-2.758627414703369,-4.09920597076416,2038400
0.2733878791332245,-1.3450883626937866,4.333333492279053,-0.6881906390190125,-1.759891152381897,2048800
0.517668604850769,-1.3431822061538696,0.0,3.1480894088745117,2.3225760459899902,2058400
0.008835900574922562,-1.3426376581192017,0.0,-2.0415985584259033,-3.3754005432128906,2069600
0.0025204704143106937,-1.3434110879898071,0.5,-1.3146493434906006,-2.6555399894714355,2080000
0.3010125756263733,-1.3448466062545776,0.3333333432674408,-2.9401450157165527,-3.9839792251586914,2090400
0.9355918169021606,-1.343956470489502,0.0,12.576106071472168,12.167741775512695,2100800
0.7274105548858643,-1.3443351984024048,0.0,7.457024574279785,6.840099811553955,2111200
0.5391750931739807,-1.3464505672454834,1.0,2.855574369430542,2.0482988357543945,2121600
0.7636678218841553,-1.3449500799179077,0.0,9.175728797912598,8.594447135925293,2132000
0.014558319933712482,-1.345422387123108,0.5,-4.634771347045898,-5.965635299682617,2142400
0.06276941299438477,-1.3426525592803955,0.0,-7.035277843475342,-8.315160751342773,2152800
0.017995189875364304,-1.3446024656295776,0.0,-5.505104064941406,-6.831711292266846,2163200
0.013491860590875149,-1.344721794128418,0.0,-1.6711313724517822,-3.002361297607422,2172800
0.28231489658355713,-1.3484115600585938,0.5,-3.56831955909729,-4.634416103363037,2183200
0.7779427170753479,-1.3447551727294922,11.0,9.280354499816895,8.713541984558105,2193600
0.0332101508975029,-1.345644474029541,0.0,-6.79149866104126,-8.103933334350586,2204000
0.019592199474573135,-1.3428318500518799,0.0,-4.000744342803955,-5.323984146118164,2213600
0.8232555389404297,-1.3455581665039062,12.0,14.621299743652344,14.098997116088867,2224800
0.030518725514411926,-1.346444010734558,0.0,-6.6095452308654785,-7.92547082901001,2235200
0.02038954757153988,-1.3458423614501953,0.0,-3.849900722503662,-5.175353527069092,2245600
0.40521517395973206,-1.3473396301269531,0.0,1.5985000133514404,0.6563756465911865,2256000
0.2694947421550751,-1.3477239608764648,0.0,0.906343400478363,-0.17188584804534912,2266400
0.5479549765586853,-1.3471972942352295,3.0,4.103951930999756,3.3047096729278564,2276800
0.4642115831375122,-1.3450512886047363,0.0,-0.1764834225177765,-1.0573230981826782,2287200
0.19196383655071259,-1.3449878692626953,11.0,1.0034452676773071,-0.14957880973815918,2298400
0.00507186958566308,-1.347870945930481,0.0,-2.556447982788086,-3.899247169494629,2308800
0.00693898368626833,-1.3436695337295532,0.0,-3.0428359508514404,-4.379566669464111,2319200
0.00815407931804657,-1.3460999727249146,0.0,-2.9062156677246094,-4.244161605834961,2328800
0.009295924566686153,-1.345162034034729,0.0,-2.703733444213867,-4.039599418640137,2340000
0.896994948387146,-1.3475452661514282,0.0,12.662759780883789,12.21220874786377,2350400
0.020211387425661087,-1.3462896347045898,0.0,-5.826504707336426,-7.152583122253418,2360800
0.5688522458076477,-1.3440895080566406,0.0,3.0063083171844482,2.2310709953308105,2370400
1.8946446180343628,-1.3454219102859497,0.0,22.95941162109375,23.50863265991211,2380800
0.4524773955345154,-1.3441195487976074,0.5,3.792109966278076,2.900467872619629,2391200
0.0821412056684494,-1.3464527130126953,0.0,-6.311258316040039,-7.5755696296691895,2402400
0.01614825241267681,-1.348438024520874,0.0,-2.3110122680664062,-3.6433019638061523,2412800
0.7524949908256531,-1.3428294658660889,2.4000000953674316,10.400705337524414,9.810370445251465,2422400
0.8479533195495605,-1.3466616868972778,0.0,10.105640411376953,9.606932640075684,2432000
0.6448668837547302,-1.3475263118743896,0.5,5.075686454772949,4.3730268478393555,2442400
0.017049524933099747,-1.3481292724609375,0.0,-5.479396343231201,-6.810476303100586,2453600
0.2246098816394806,-1.344161033630371,2.200000047683716,-0.42946767807006836,-1.5490188598632812,2464000
0.07034909725189209,-1.3450802564620972,0.3333333432674408,-1.3919968605041504,-2.6667280197143555,2474400
0.0076695457100868225,-1.3450852632522583,1.0,-3.146216630935669,-4.483632564544678,2485600
1.094652533531189,-1.3454296588897705,4.0,12.973868370056152,12.723091125488281,2495200
0.012779341079294682,-1.3463135957717896,0.0,-2.555950164794922,-3.889484405517578,2504800
0.008145542815327644,-1.345707654953003,0.0,-2.7852065563201904,-4.122768402099609,2515200
0.6366789937019348,-1.346454381942749,0.5,9.967531204223633,9.257755279541016,2525600
0.00804851669818163,-1.3465126752853394,0.0,-2.910057544708252,-4.24852180480957,2536000
2.228264093399048,-1.3469915390014648,6.0,37.880794525146484,38.76206588745117,2546400
0.06932055950164795,-1.3472031354904175,0.20000000298023224,-11.55234146118164,-12.83022403717041,2556800
0.376047283411026,-1.3484573364257812,0.0,1.9244868755340576,0.9520769119262695,2567200
0.29338833689689636,-1.34734046459198,6.0,2.3921186923980713,1.33816659450531,2577600
0.003031867789104581,-1.3488816022872925,0.0,-0.35325589776039124,-1.6991056203842163,2588800
0.02477334439754486,-1.347750186920166,0.0,-2.0103116035461426,-3.3332884311676025,2599200
0.2690574824810028,-1.3470481634140015,11.0,-2.05059814453125,-3.1285886764526367,2608800
0.36811363697052,-1.344614028930664,2.75,1.940603256225586,0.9641027450561523,2620000
0.020261337980628014,-1.3457796573638916,0.0,-4.981856346130371,-6.307374954223633,2630400
0.6894767880439758,-1.3443615436553955,1.0,6.676567554473877,6.0216827392578125,2640000
0.01855006068944931,-1.3441522121429443,0.0,-5.575407981872559,-6.901010513305664,2650400
0.005699854344129562,-1.3446803092956543,0.0,-0.026636123657226562,-1.3656165599822998,2660000
0.5353450179100037,-1.3449902534484863,1.0,5.690727233886719,4.881082057952881,2670400
0.5186845660209656,-1.3437864780426025,4.0,6.946194648742676,6.121092796325684,2680800
0.02137916535139084,-1.3451778888702393,0.0,-6.27757453918457,-7.601373672485352,2692000
0.01206587627530098,-1.3472545146942139,1.0,-3.050748348236084,-4.385936737060547,2702400
1.4203835725784302,-1.347180962562561,2.0,11.219977378845215,11.293179512023926,2712800
0.011098280549049377,-1.346459150314331,0.0,-3.890632152557373,-5.2259931564331055,2723200
0.8376427292823792,-1.3476234674453735,0.0,10.178804397583008,9.6688232421875,2733600
0.010568849742412567,-1.346521258354187,0.0,-3.0627923011779785,-4.398744583129883,2744000
0.1391962617635727,-1.3462578058242798,7.0,-1.1380757093429565,-2.345137119293213,2754400
0.023047184571623802,-1.344827651977539,0.0,-5.6246256828308105,-6.946406364440918,2764800
0.0038970105815678835,-1.3458226919174194,0.0,-1.7090076208114624,-3.050933361053467,2775200
0.007241221144795418,-1.3463425636291504,0.0,-2.8355023860931396,-4.174603462219238,2785600
0.547728419303894,-1.3474390506744385,0.5,6.669363021850586,5.86965274810791,2796000
0.009767196141183376,-1.3462717533111572,0.0,-3.3920862674713135,-4.728590965270996,2806400
0.004946526605635881,-1.3450349569320679,0.0,-2.185246467590332,-3.5253348350524902,2816800
0.22045166790485382,-1.343488097190857,0.0,-0.757122278213501,-1.8801586627960205,2827200
0.01029212586581707,-1.344860553741455,0.3333333432674408,-3.934892177581787,-5.269460678100586,2837600
0.5612618327140808,-1.345624566078186,1.0,2.19722580909729,1.4128631353378296,2848000
0.007857498712837696,-1.347665548324585,0.3333333432674408,-2.958202362060547,-4.298010349273682,2858400
0.023840010166168213,-1.3464469909667969,0.0,-4.125265121459961,-5.447872161865234,2868800
0.012467355467379093,-1.344197154045105,0.0,-3.5073177814483643,-4.839047431945801,2880000
0.022068925201892853,-1.3451279401779175,0.1666666716337204,-5.420176982879639,-6.743236064910889,2889600
0.013644293881952763,-1.346194863319397,0.0,-4.059535026550293,-5.392085552215576,2900000
0.014008156023919582,-1.3468623161315918,0.0,-3.704519271850586,-5.0373735427856445,2910400
0.03586534410715103,-1.3443502187728882,0.0,-2.319014310836792,-3.6274991035461426,2920800
0.8268202543258667,-1.344211220741272,3.2857143878936768,11.584576606750488,11.067185401916504,2931200
0.6746091246604919,-1.3449195623397827,0.0,6.451548099517822,5.781237602233887,2941600
0.04847218096256256,-1.3441370725631714,0.0,-8.224422454833984,-9.520087242126465,2950400
0.5736191272735596,-1.3442074060440063,0.5,9.427519798278809,8.656930923461914,2960800
1.0401904582977295,-1.344024419784546,1.0,3.6477749347686768,3.3439409732818604,2970400
0.02469012141227722,-1.3441619873046875,0.20000000298023224,-5.797107219696045,-7.116579055786133,2981600
0.02469714544713497,-1.3458760976791382,0.0,-6.481882095336914,-7.803061008453369,2992000
0.006612224504351616,-1.3463001251220703,0.0,-2.979003429412842,-4.318691253662109,3002400
0.824202835559845,-1.3469802141189575,0.0,10.935895919799805,10.413118362426758,3012800
0.5187031030654907,-1.3465996980667114,6.0,8.270151138305664,7.442255020141602,3022400
0.009920763783156872,-1.34555983543396,0.3333333432674408,-3.144517183303833,-4.480155944824219,3032800
0.39075127243995667,-1.345994234085083,5.5,3.629946231842041,2.674703359603882,3044000
0.006105906330049038,-1.346215844154358,0.0,-2.992382287979126,-4.332492351531982,3053600
0.01413497980684042,-1.344151258468628,0.6666666865348816,-3.884620428085327,-5.21463680267334,3064000
0.8382916450500488,-1.3462623357772827,0.0,11.290963172912598,10.78299331665039,3075200
0.5643167495727539,-1.3471802473068237,0.20000000298023224,4.38415002822876,3.6012864112854004,3085600
0.024993296712636948,-1.3476932048797607,0.0,-6.4485321044921875,-7.771231651306152,3096000
0.017381684854626656,-1.3456400632858276,0.0,-4.099786281585693,-5.42804479598999,3105600
1.2814109325408936,-1.346647024154663,0.6666666865348816,13.916084289550781,13.850848197937012,3116000
0.01572396419942379,-1.3465303182601929,1.0,-3.931947946548462,-5.262754440307617,3125600
0.3742269277572632,-1.3478655815124512,0.0,2.961411952972412,1.9877734184265137,3136000
0.11664049327373505,-1.3447954654693604,4.333333492279053,-1.6616621017456055,-2.889817237854004,3146400
0.545435905456543,-1.345215082168579,0.0,8.243573188781738,7.443794250488281,3157600
0.006053930148482323,-1.3453266620635986,0.0,-1.9886950254440308,-3.327967643737793,3167200
0.015066299587488174,-1.3435311317443848,0.0,-5.070249557495117,-6.398714542388916,3177600
0.0029627252370119095,-1.3433347940444946,0.3333333432674408,-1.7735517024993896,-3.1139237880706787,3188000
0.015396486967802048,-1.3453435897827148,0.0,-1.9049177169799805,-3.2348647117614746,3198400
0.4969850778579712,-1.3451855182647705,0.0,4.935019493103027,4.086818695068359,3208800
0.2359025478363037,-1.3447823524475098,0.0,-2.7004950046539307,-3.8093748092651367,3219200
0.011081668548285961,-1.34727144241333,0.0,-4.434255123138428,-5.770444869995117,3229600
0.3528155982494354,-1.3483866453170776,0.0,4.778186321258545,3.7826151847839355,3240800
0.025877689942717552,-1.348150610923767,0.6666666865348816,-6.38594388961792,-7.708217144012451,3250400
0.015733787789940834,-1.3476943969726562,0.0,-4.046331882476807,-5.378292560577393,3260800
0.8752977848052979,-1.3485004901885986,5.5,7.64910888671875,7.175906181335449,3271200
0.7660800814628601,-1.3482954502105713,1.0,7.871896743774414,7.289681434631348,3282400
0.20539306104183197,-1.349333643913269,11.0,-0.8700439929962158,-2.0139846801757812,3292800
0.01780385710299015,-1.349587321281433,0.0,-5.7643914222717285,-7.096175193786621,3303200
0.06440729647874832,-1.3483457565307617,0.0,-8.576361656188965,-9.860300064086914,3312800
0.017530856654047966,-1.34932541847229,0.0,-4.625714302062988,-5.9575090408325195,3323200
0.006350960582494736,-1.348479986190796,0.0,-2.626559019088745,-3.9686880111694336,3333600
0.6240924596786499,-1.3499902486801147,0.0,8.548540115356445,7.822641849517822,3344000
0.40214982628822327,-1.3497984409332275,4.333333492279053,1.864969253540039,0.917320728302002,3355200
0.45201587677001953,-1.350121259689331,0.0,-0.5208958387374878,-1.4190012216567993,3364800
0.03875080123543739,-1.3502161502838135,0.0,-8.393135070800781,-9.70460033416748,3375200
0.6849077343940735,-1.3510615825653076,0.0,6.1042561531066895,5.438102722167969,3385600
1.4353824853897095,-1.3506885766983032,0.0,21.18416404724121,21.268857955932617,3396000
0.04104387387633324,-1.3500226736068726,0.0,-7.916048049926758,-9.225027084350586,3405600
0.43484121561050415,-1.350199580192566,3.6666667461395264,6.5121989250183105,5.5968403816223145,3416800
0.029180342331528664,-1.3495761156082153,0.5,-4.1976213455200195,-5.518016815185547,3427200
0.2270892858505249,-1.3501861095428467,1.0,-2.225964069366455,-3.3490610122680664,3437600
0.5861672163009644,-1.3504912853240967,5.5,6.8218278884887695,6.057503700256348,3448000
1.157739281654358,-1.3505361080169678,11.0,18.880859375,18.68806266784668,3458400
0.20930738747119904,-1.350371241569519,0.0,-0.8365961909294128,-1.977660059928894,3468800
0.016491368412971497,-1.3493213653564453,0.0,-4.627933502197266,-5.960763454437256,3478400
1.1882336139678955,-1.3493678569793701,3.5,14.380827903747559,14.219693183898926,3489600
0.02357713133096695,-1.348900318145752,0.0,-5.667848110198975,-6.993171215057373,3500000
0.00462673045694828,-1.3494908809661865,0.0,-1.2382019758224487,-2.583065986633301,3510400
0.01439425628632307,-1.3501651287078857,0.0,-3.4630563259124756,-4.798827171325684,3520800
0.0064214495941996574,-1.3496989011764526,0.0,-2.289185047149658,-3.632462501525879,3531200
0.014418700709939003,-1.3494864702224731,0.0,-3.1260287761688232,-4.46109676361084,3540800
0.005443643778562546,-1.349557638168335,1.0,-2.8080697059631348,-4.152183532714844,3552000
0.8784266114234924,-1.350427269935608,4.0,8.210061073303223,7.738060474395752,3561600
0.7896677255630493,-1.3497856855392456,5.5,11.582864761352539,11.022747039794922,3572800
0.0073075867258012295,-1.3492974042892456,0.0,-3.363851547241211,-4.705841541290283,3581600
0.4055492579936981,-1.3470335006713867,6.0,4.147308349609375,3.2058238983154297,3590400
0.016120318323373795,-1.3484501838684082,0.5,-5.794534206390381,-7.126863956451416,3598400
0.7828206419944763,-1.3485400676727295,0.0,10.202408790588379,9.636689186096191,3608000
0.0025895426515489817,-1.3478630781173706,0.0,-1.8641395568847656,-3.2094130516052246,3618400
0.010732783004641533,-1.3480409383773804,0.5,-4.048061847686768,-5.385370254516602,3629600
1.2162283658981323,-1.3477081060409546,3.0,18.875146865844727,18.743667602539062,3640000
0.8269991874694824,-1.3488677740097046,0.0,10.885583877563477,10.363716125488281,3650400
0.024078141897916794,-1.348710298538208,0.0,-3.866262674331665,-5.190895080566406,3660800
0.4590487480163574,-1.3487718105316162,0.0,-1.1370418071746826,-2.0267648696899414,3671200
0.4630053639411926,-1.348059058189392,5.5,7.186164855957031,6.301111221313477,3681600
0.7131394743919373,-1.3470207452774048,0.0,5.5320892333984375,4.898208141326904,3692800
0.04416787624359131,-1.3461494445800781,0.0,-8.435674667358398,-9.737656593322754,3703200
0.3579714298248291,-1.3480360507965088,11.0,3.7315821647644043,2.7415177822113037,3713600
0.4696809947490692,-1.3476861715316772,4.333333492279053,1.3275929689407349,0.4495878219604492,3724000
0.27009496092796326,-1.3479505777359009,11.0,-0.5666011571884155,-1.6444567441940308,3733600
0.43967825174331665,-1.3484679460525513,3.6666667461395264,1.946759581565857,1.037969946861267,3744000
0.033097539097070694,-1.3491467237472534,0.0,-5.566518306732178,-6.882567405700684,3754400
0.007579243741929531,-1.349191427230835,0.0,-3.3566977977752686,-4.698309898376465,3765600
0.027833880856633186,-1.3484172821044922,0.0,-5.506477355957031,-6.827060699462891,3776000
0.834465742111206,-1.3486360311508179,0.5,10.670387268066406,10.156217575073242,3785600
0.6272240281105042,-1.3491989374160767,0.5,7.27268123626709,6.550706386566162,3796000
0.9623189568519592,-1.3490623235702515,1.8333333730697632,12.18685531616211,11.8001127243042,3805600
0.0063457307405769825,-1.3485642671585083,0.0,-2.618091344833374,-3.9603099822998047,3816800
1.1687077283859253,-1.34798264503479,5.5,13.583759307861328,13.404484748840332,3826400
0.05238282307982445,-1.347217321395874,0.5,-5.4122090339660645,-6.707043647766113,3836000
0.4951022267341614,-1.346142053604126,2.75,5.275113582611084,4.424074172973633,3845600
0.28900909423828125,-1.345075249671936,2.1666667461395264,1.2882827520370483,0.23221659660339355,3856000
0.012252779677510262,-1.3452836275100708,0.0,-3.680488109588623,-5.013518810272217,3866400
0.3583039343357086,-1.3463542461395264,5.5,3.740633487701416,2.7525832653045654,3877600
0.5897442102432251,-1.3454020023345947,11.0,6.77811336517334,6.022455215454102,3888000
0.04002920910716057,-1.3448188304901123,0.0,-5.9494428634643555,-7.254232406616211,3897600
0.8714005351066589,-1.3431353569030762,1.8333333730697632,10.203502655029297,9.731767654418945,3908000
0.29282861948013306,-1.3423124551773071,0.0,-4.759805679321289,-5.809289455413818,3919200
0.5810071229934692,-1.3409992456436157,2.75,3.6640052795410156,2.904013156890869,3928800
0.7005696296691895,-1.3426870107650757,0.4285714328289032,4.1907219886779785,3.5486044883728027,3939200
0.01880663074553013,-1.343291997909546,2.0,-5.090174198150635,-6.41465950012207,3949600
0.6467597484588623,-1.344127893447876,5.5,10.295714378356934,9.598346710205078,3960000
0.013406422920525074,-1.3431041240692139,0.5,-5.081035137176514,-6.410733222961426,3970400
0.006625715643167496,-1.3427000045776367,0.0,-2.880786657333374,-4.216860771179199,3980800
0.024047940969467163,-1.3434274196624756,0.0,-5.500978469848633,-6.8203582763671875,3991200
0.02151118591427803,-1.3422671556472778,0.0,-4.199706554412842,-5.520462512969971,4002400
0.01474658865481615,-1.3445379734039307,0.0,-5.170784950256348,-6.500576019287109,4012000
0.009242807514965534,-1.3447341918945312,0.0,-4.049471855163574,-5.384963035583496,4022400
0.012889516539871693,-1.3466365337371826,0.0,-4.280115127563477,-5.613862037658691,4032800
0.3808231055736542,-1.3477299213409424,5.5,1.6464159488677979,0.679509162902832,4043200
0.7817156910896301,-1.3479098081588745,0.0,9.190681457519531,8.624486923217773,4053600
0.030132047832012177,-1.3490848541259766,0.0,-6.569103240966797,-7.88805627822876,4063200
0.04425814002752304,-1.3491039276123047,0.0,-4.820048809051514,-6.124894618988037,4073600
0.23373885452747345,-1.348886251449585,0.5,-1.1746093034744263,-2.2897567749023438,4084000
0.010334935039281845,-1.3487849235534668,0.0,-4.539975643157959,-5.878425598144531,4093600
0.012165142223238945,-1.3493183851242065,0.0,-4.509880065917969,-5.847033500671387,4104000
0.6508168578147888,-1.3477691411972046,3.6666667461395264,7.298733711242676,6.601781368255615,4114400
0.6894623637199402,-1.3495337963104248,0.0,11.003019332885742,10.342947959899902,4125600
0.0231182761490345,-1.349245548248291,0.0,-3.861833333969116,-5.187960624694824,4136000
0.523643970489502,-1.349845051765442,6.0,5.790459156036377,4.964258193969727,4147200
0.722547173500061,-1.3505791425704956,0.0,10.756381034851074,10.128349304199219,4156800
0.04147892817854881,-1.3494659662246704,0.0,-8.585506439208984,-9.89349365234375,4167200
0.03556579351425171,-1.3498823642730713,1.0,-5.494226455688477,-6.8085432052612305,4177600
0.052665721625089645,-1.3500498533248901,0.0,-6.80051326751709,-8.09789752960205,4188800
0.331413596868515,-1.3498879671096802,0.5,0.49266764521598816,-0.525806725025177,4198400
0.8675351738929749,-1.349877953529358,7.333333492279053,11.802799224853516,11.320456504821777,4208800
0.05803144723176956,-1.3492755889892578,0.0,-7.758563995361328,-9.049808502197266,4220000
0.010524163953959942,-1.348276972770691,0.3333333432674408,-4.081066608428955,-5.418819427490234,4231200
0.01844583824276924,-1.3487275838851929,0.0,-3.2273731231689453,-4.557654857635498,4240800
0.03704878315329552,-1.3485850095748901,0.5,-8.318612098693848,-9.630148887634277,4251200
0.04608944058418274,-1.3487542867660522,0.0,-7.672689437866211,-8.975354194641113,4261600
0.5245646238327026,-1.3484175205230713,0.0,4.066583156585693,3.2427303791046143,4272000
0.010685575194656849,-1.348476529121399,0.0,-4.158534526824951,-5.496325492858887,4282400
0.018708480522036552,-1.3489973545074463,0.0,-5.405076026916504,-6.73536491394043,4292800
0.021977508440613747,-1.348990797996521,0.25,-5.981842041015625,-7.3088555335998535,4303200
0.6269853115081787,-1.3485795259475708,0.0,4.803293704986572,4.081699371337891,4313600
0.020410936325788498,-1.3484793901443481,0.6666666865348816,-5.935076713562012,-7.2631449699401855,4324000
0.03778478875756264,-1.348266839981079,0.0,-5.8611273765563965,-7.171609878540039,4334400
0.03343901410698891,-1.3477987051010132,0.0,-6.592343807220459,-7.906703472137451,4344800
0.40884754061698914,-1.3476197719573975,3.0,2.5423240661621094,1.6035518646240234,4355200
0.04041013494133949,-1.3477823734283447,0.0,-8.130023956298828,-9.437396049499512,4365600
0.012536034919321537,-1.3477809429168701,0.0,-2.1798534393310547,-3.5150983333587646,4376000
0.8248346447944641,-1.348940372467041,0.0,10.095712661743164,9.57160758972168,4386400
0.018818296492099762,-1.3484954833984375,0.0,-3.8676633834838867,-5.197340488433838,4396800
0.021439166739583015,-1.3484567403793335,0.0,-2.587134599685669,-3.914152145385742,4407200
0.017386555671691895,-1.3490456342697144,0.0,-3.8554294109344482,-5.187088489532471,4417600
0.014446727931499481,-1.349269986152649,0.0,-3.3759586811065674,-4.710782051086426,4428000
0.0264083594083786,-1.3484361171722412,0.0,-2.0543429851531982,-3.376370668411255,4437600
0.8775164484977722,-1.3498389720916748,0.0,9.787437438964844,9.315114974975586,4448000
0.020463161170482635,-1.3482967615127563,0.0,-3.208698272705078,-4.536531925201416,4458400
2.0595576763153076,-1.3493444919586182,0.0,22.134326934814453,22.844539642333984,4468800
0.008091647177934647,-1.3492934703826904,0.3333333432674408,-3.1899282932281494,-4.531129837036133,4479200
0.026988867670297623,-1.3479286432266235,0.0,-5.256871700286865,-6.577811241149902,4490400
0.6278506517410278,-1.3483030796051025,0.0,8.873862266540527,8.153409957885742,4500800
0.044538792222738266,-1.348564863204956,0.0,-3.2878944873809814,-4.591920852661133,4511200
0.3658619225025177,-1.349660038948059,0.0,1.1609067916870117,0.17710864543914795,4521600
0.5200484395027161,-1.348551630973816,3.6666667461395264,3.0427627563476562,2.214259624481201,4532800
0.9099394083023071,-1.3460019826889038,0.0,12.984259605407715,12.548197746276855,4543200
0.02785847894847393,-1.3484196662902832,0.0,-7.0612711906433105,-8.381832122802734,4553600
0.6847571730613708,-1.34696364402771,0.0,7.819645404815674,7.157438278198242,4563200
0.016308782622218132,-1.3478742837905884,1.0,-5.433717250823975,-6.76528263092041,4573600
0.013653093948960304,-1.347678303718567,0.0,-5.140047550201416,-6.474072456359863,4583200
0.036036618053913116,-1.3473690748214722,1.0,-8.604082107543945,-9.915414810180664,4593600
0.011150721460580826,-1.347820520401001,0.0,-3.387277126312256,-4.723946571350098,4604000
0.012970739044249058,-1.348664402961731,0.0,-3.357628107070923,-4.693321704864502,4613600
0.5412673950195312,-1.3486531972885132,0.0,3.7004504203796387,2.893064498901367,4624000
0.016157837584614754,-1.3485095500946045,0.0,-4.344544410705566,-5.676896095275879,4634400
0.026200836524367332,-1.3497103452682495,0.0,-6.276456832885742,-7.599966526031494,4644800
0.016152990981936455,-1.348238229751587,0.0,-4.45529317855835,-5.787378311157227,4655200
0.7956991791725159,-1.349535346031189,0.0,10.992592811584473,10.438756942749023,4666400
0.2706020772457123,-1.3496109247207642,6.0,3.087444305419922,2.0084352493286133,4676800
0.26331061124801636,-1.3481277227401733,4.0,-0.9251068234443665,-2.0099239349365234,4687200
0.5715339779853821,-1.347342848777771,5.5,6.0803422927856445,5.3045334815979,4697600
0.8393798470497131,-1.347455620765686,5.5,12.549177169799805,12.041101455688477,4708800
0.01955764926970005,-1.3460257053375244,0.0,-4.82688570022583,-6.153353691101074,4719200
0.0776464119553566,-1.343609094619751,11.0,-5.324073314666748,-6.590036392211914,4730400
0.017037544399499893,-1.3448494672775269,0.0,-4.420474529266357,-5.748286724090576,4740800
0.015080929733812809,-1.3449996709823608,0.0,-5.308772563934326,-6.638691425323486,4751200
0.04087050259113312,-1.3452309370040894,5.5,-3.7993216514587402,-5.103682041168213,4761600
0.7306488156318665,-1.3442431688308716,11.0,13.027328491210938,12.413734436035156,4772000
0.008570922538638115,-1.3447757959365845,0.0,-3.9637725353240967,-5.2999773025512695,4782400
0.017869509756565094,-1.3451969623565674,0.0,-3.5515501499176025,-4.878877639770508,4792000
0.4023553133010864,-1.345947504043579,11.0,5.811734676361084,4.868142127990723,4801600
0.24621766805648804,-1.3453242778778076,0.0,-0.5689599514007568,-1.6680665016174316,4812000
0.5698693990707397,-1.34456205368042,0.0,3.4449241161346436,2.670231342315674,4822400
0.34053370356559753,-1.3460758924484253,0.0,-0.8218448162078857,-1.8273869752883911,4832800
0.014425857923924923,-1.3489506244659424,1.0,-4.355175018310547,-5.689700126647949,4842400
0.014103401452302933,-1.34665048122406,0.5,-4.951654434204102,-6.284201622009277,4852800
0.016407961025834084,-1.3461439609527588,0.0,-5.388635635375977,-6.718371391296387,4863200
0.04084615036845207,-1.345751166343689,0.0,-2.6320595741271973,-3.936964511871338,4873600
0.04751118645071983,-1.3455259799957275,0.0,-9.275891304016113,-10.573905944824219,4884000
0.030932463705539703,-1.3462859392166138,0.0,-5.739541530609131,-7.054894924163818,4894400
0.014100761152803898,-1.3461658954620361,0.0,-2.0640828609466553,-3.3961479663848877,4905600
0.040484100580215454,-1.3462564945220947,0.0,-6.080817222595215,-7.386590003967285,4916000
0.5565279722213745,-1.345771312713623,0.0,6.094851016998291,5.305607795715332,4926400
1.1219266653060913,-1.3458224534988403,11.0,16.273880004882812,16.049983978271484,4937600
0.049052003771066666,-1.3470107316970825,0.3333333432674408,-4.7246246337890625,-6.0225830078125,4947200
0.022076506167650223,-1.3472291231155396,0.0,-3.0511765480041504,-4.376328945159912,4957600
0.03847824037075043,-1.34751558303833,0.4000000059604645,-7.1976776123046875,-8.506714820861816,4968000
0.8751627802848816,-1.3484586477279663,3.0,8.410630226135254,7.9373345375061035,4976800
0.025639168918132782,-1.3481169939041138,0.0,-5.769325256347656,-7.091803073883057,4987200
0.3754694163799286,-1.3485740423202515,0.0,1.5140037536621094,0.5408991575241089,4996800
0.021516459062695503,-1.3475162982940674,0.20000000298023224,-6.2991743087768555,-7.625174522399902,5007200
0.022329866886138916,-1.3480720520019531,0.0,-3.058255910873413,-4.383997917175293,5017600
0.005952239036560059,-1.3478171825408936,0.0,-1.6069549322128296,-2.948819875717163,5028000
0.7008867263793945,-1.3477717638015747,5.5,9.977327346801758,9.330442428588867,5038400
0.016694916412234306,-1.3483309745788574,0.0,-4.481189727783203,-5.812825679779053,5048000
0.024170616641640663,-1.3473832607269287,0.0,-6.414517402648926,-7.737730026245117,5058400
0.8796980381011963,-1.3475733995437622,0.0,12.526869773864746,12.05899429321289,5068800
0.030242161825299263,-1.3466845750808716,0.0,-6.077266216278076,-7.3937087059021,5080000
0.21322974562644958,-1.3467693328857422,5.5,0.8377331495285034,-0.2958064079284668,5090400
0.01670672371983528,-1.3483107089996338,0.0,-5.853505611419678,-7.1851091384887695,5101600
0.5973485708236694,-1.34721839427948,1.0,5.516797065734863,4.766927242279053,5112000
0.42177367210388184,-1.3477905988693237,3.6666667461395264,5.812341690063477,4.886324882507324,5122400
0.48323699831962585,-1.3487731218338013,3.0,5.402520656585693,4.536984443664551,5132800
1.2422493696212769,-1.3495969772338867,0.0,15.261384010314941,15.154036521911621,5143200
0.03083287738263607,-1.3477991819381714,0.5,-7.463348865509033,-8.780315399169922,5154400
1.191349744796753,-1.348382830619812,11.0,18.983030319213867,18.82599639892578,5164000
1.304997444152832,-1.348016619682312,1.0,18.972524642944336,18.929506301879883,5175200
0.25067105889320374,-1.349070429801941,2.75,-0.23795795440673828,-1.3363573551177979,5185600
0.03072337433695793,-1.3477959632873535,0.0,-5.02012300491333,-6.33719539642334,5196800
0.022670604288578033,-1.3478572368621826,0.0,-5.297522068023682,-6.622708320617676,5207200
0.0223570354282856,-1.3463305234909058,0.0,-3.928644895553589,-5.252618312835693,5217600
1.7414593696594238,-1.3457833528518677,7.0,15.378158569335938,15.773834228515625,5226400
0.6884457468986511,-1.3465888500213623,0.0,1.9381369352340698,1.2799937725067139,5236800
0.4469175934791565,-1.3470412492752075,11.0,5.37600040435791,4.475876808166504,5247200
0.024758074432611465,-1.345814824104309,0.0,-5.152747631072998,-6.473804473876953,5257600
1.5918184518814087,-1.3469635248184204,1.0,24.120975494384766,24.365829467773438,5268000
0.008930126205086708,-1.3471412658691406,0.0,-4.191405296325684,-5.529616355895996,5278400
0.06712979823350906,-1.3474029302597046,0.0,-9.307530403137207,-10.58780288696289,5288800
0.2727185785770416,-1.3475745916366577,0.0,-5.800390243530273,-6.875246524810791,5299200
0.040242284536361694,-1.3470596075057983,0.3333333432674408,-8.253397941589355,-9.56021499633789,5309600
0.03577585518360138,-1.346872329711914,0.3333333432674408,-8.481949806213379,-9.793045997619629,5320000
0.1681014746427536,-1.3466873168945312,0.5,-4.276869297027588,-5.455455303192139,5330400
0.5998831391334534,-1.3463963270187378,5.5,5.818888187408447,5.0723748207092285,5341600
0.025756822898983955,-1.3467875719070435,0.0,-4.025500774383545,-5.346531391143799,5352000
0.047792837023735046,-1.3459748029708862,0.0,-7.264361381530762,-8.562542915344238,5362400
0.8407488465309143,-1.3460147380828857,0.0,6.042512893676758,5.5372467041015625,5372800
0.005189154297113419,-1.3449097871780396,0.0,-2.718092441558838,-4.0578131675720215,5383200
0.0062705581076443195,-1.3450576066970825,0.0,-2.622013807296753,-3.9608006477355957,5393600
0.6501059532165527,-1.3469059467315674,0.0,3.46867036819458,2.7718703746795654,5404000
0.01334095373749733,-1.3461112976074219,0.0,-5.233389377593994,-6.566159725189209,5414400
0.37493816018104553,-1.345698356628418,11.0,1.6687928438186646,0.6980326175689697,5424800
0.015634560957551003,-1.345731496810913,0.0,-5.047738075256348,-6.377835273742676,5435200
0.313144326210022,-1.3465909957885742,0.25,-0.59315025806427,-1.6265969276428223,5445600
0.5883645415306091,-1.346964955329895,0.5,3.701291561126709,2.9426913261413574,5456800
0.7866257429122925,-1.3469475507736206,0.0,9.180719375610352,8.620397567749023,5467200
0.4374256134033203,-1.3464847803115845,6.5,1.8027873039245605,0.8937281370162964,5476800
0.8488938808441162,-1.3469001054763794,4.400000095367432,10.168878555297852,9.670872688293457,5487200
0.7660680413246155,-1.3467330932617188,12.0,6.773606777191162,6.192941665649414,5496000
0.8556129336357117,-1.3472936153411865,0.25,4.2944655418396,3.8027846813201904,5505600
0.6944138407707214,-1.3480405807495117,0.0,5.304065227508545,4.65043830871582,5516000
0.9197694063186646,-1.34726881980896,0.6666666865348816,5.187520503997803,4.760021209716797,5526400
0.9435366988182068,-1.3485294580459595,0.0,8.070520401000977,7.665527820587158,5536800
0.024818433448672295,-1.3482944965362549,0.0,-5.583416938781738,-6.906892776489258,5547200
0.6771377325057983,-1.3484578132629395,2.75,7.634304523468018,6.962984561920166,5557600
0.013375182636082172,-1.3480278253555298,0.0,-4.368574142456055,-5.703226566314697,5568800
0.03948504850268364,-1.3482389450073242,0.0,-5.286505222320557,-6.595259189605713,5578400
0.6703507900238037,-1.348296046257019,0.0,5.861417293548584,5.1834716796875,5588800
0.060120414942502975,-1.348210096359253,0.0,-8.71398639678955,-10.002076148986816,5599200
0.020957889035344124,-1.3484665155410767,0.0,-3.239604949951172,-4.567113399505615,5608800
0.0129475649446249,-1.3482285737991333,0.5,-2.8694584369659424,-4.204739570617676,5619200
1.4295079708099365,-1.3484935760498047,4.599999904632568,17.277851104736328,17.35886573791504,5629600
0.08043838292360306,-1.3483424186706543,0.5,-10.68359661102295,-11.951499938964844,5640800
0.9439989328384399,-1.3488856554031372,6.0,11.569549560546875,11.164663314819336,5650400
0.026481427252292633,-1.3480361700057983,0.0,-5.978434085845947,-7.299988746643066,5660800
0.03619794175028801,-1.3490421772003174,0.0,-6.795029163360596,-8.10787296295166,5671200
0.8291235566139221,-1.3493849039077759,0.5,9.549206733703613,9.028944969177246,5682400
0.018438726663589478,-1.3494818210601807,0.0,-5.077805995941162,-6.408848762512207,5692800
0.0325905978679657,-1.3495194911956787,0.0,-7.266401767730713,-8.583331108093262,5703200
0.25216490030288696,-1.3492262363433838,5.5,-0.9694107174873352,-2.066472053527832,5713600
0.05672985315322876,-1.3481636047363281,0.0,-7.764462947845459,-9.055896759033203,5724000
0.045043714344501495,-1.3485745191574097,0.0,-6.295959949493408,-7.599490642547607,5733600
0.682837963104248,-1.348846197128296,0.20000000298023224,0.6208660006523132,-0.045142173767089844,5744000
0.033586110919713974,-1.3491406440734863,0.0,-6.628274917602539,-7.943829536437988,5754400
0.22335022687911987,-1.348807692527771,12.0,-3.1126062870025635,-4.238063812255859,5764800
0.05398889258503914,-1.3488667011260986,0.0,-3.77799916267395,-5.072876930236816,5775200
0.024505814537405968,-1.349348545074463,0.0,-5.159890174865723,-6.4847331047058105,5785600
0.043251462280750275,-1.3481041193008423,0.0,-5.980519771575928,-7.285372257232666,5796000
0.0837450698018074,-1.3483695983886719,0.0,-8.708026885986328,-9.972651481628418,5806400
0.03465467318892479,-1.348717451095581,0.0,-6.409945964813232,-7.724008560180664,5816800
0.14273031055927277,-1.3489960432052612,0.0,-14.627948760986328,-15.834214210510254,5827200
0.09146048873662949,-1.3491281270980835,0.0,-10.2548189163208,-11.512486457824707,5837600
0.029993221163749695,-1.3482104539871216,0.0,-5.976235389709473,-7.294452667236328,5848800
0.030696935951709747,-1.3481080532073975,0.0,-7.17621374130249,-8.493624687194824,5859200
0.04972228780388832,-1.3491898775100708,0.6666666865348816,-5.131838798522949,-6.4313063621521,5869600
1.0467724800109863,-1.3490937948226929,11.5,16.639341354370117,16.337018966674805,5880000
0.043343447148799896,-1.3493878841400146,0.0,-5.962286472320557,-7.2683305740356445,5889600
0.9858455061912537,-1.3494645357131958,0.0,9.99897575378418,9.635356903076172,5900000
0.6131103038787842,-1.3485562801361084,0.3333333432674408,4.699913501739502,3.9644672870635986,5911200
0.03300248086452484,-1.3491215705871582,0.0,-5.851321220397949,-7.167440414428711,5921600
1.0207133293151855,-1.348483681678772,0.0,6.582231521606445,6.254461288452148,5931200
1.4164613485336304,-1.3477319478988647,0.0,22.925819396972656,22.994548797607422,5942400
0.050450921058654785,-1.3480494022369385,0.0,-8.458710670471191,-9.756308555603027,5952800
0.04289376363158226,-1.3482447862625122,0.0,-5.2322235107421875,-6.537574291229248,5963200
0.008242877200245857,-1.3474727869033813,0.5,-2.7399981021881104,-4.079227924346924,5974400
0.9817855358123779,-1.3478363752365112,7.333333492279053,16.433609008789062,16.06755828857422,5984000
0.020363464951515198,-1.3467682600021362,0.0,-4.223906517028809,-5.55031156539917,5994400
0.6689112782478333,-1.3481311798095703,5.5,5.857635498046875,5.178415775299072,6004800
0.01714538037776947,-1.3468437194824219,0.0,-5.27187442779541,-6.6015729904174805,6016000
0.5763731002807617,-1.347695231437683,4.0,5.537299633026123,4.765977382659912,6026400
0.01736133173108101,-1.3475233316421509,0.0,-2.3474063873291016,-3.6775684356689453,6036800
0.3808645009994507,-1.3484134674072266,2.75,3.1942567825317383,2.226707935333252,6047200
0.41644659638404846,-1.348490834236145,0.0,0.7207449078559875,-0.21129930019378662,6057600
1.0589509010314941,-1.3474633693695068,0.0,15.699468612670898,15.410955429077148,6068000
0.044304732233285904,-1.3481773138046265,0.0,-6.727954864501953,-8.031826972961426,6078400
0.5476512908935547,-1.3480902910232544,2.75,4.8755269050598145,4.075088024139404,6089600
0.030476732179522514,-1.348861813545227,0.0,-3.8929343223571777,-5.211319446563721,6099200
0.036783814430236816,-1.3480523824691772,0.0,-6.0091938972473145,-7.320462703704834,6109600
0.03447587043046951,-1.3475931882858276,0.25,-7.518763542175293,-8.831880569458008,6120000
0.030282601714134216,-1.3466739654541016,0.0,-6.0286784172058105,-7.345069885253906,6130400
0.6642760634422302,-1.3483251333236694,0.0,3.888822317123413,3.20477294921875,6140800
0.017613597214221954,-1.348077416419983,0.0,-5.751231670379639,-7.081695556640625,6151200
0.648377537727356,-1.3478344678878784,11.0,9.732399940490723,9.032942771911621,6161600
0.006326553411781788,-1.3478728532791138,0.0,-2.9708142280578613,-4.312360763549805,6172000
1.3365997076034546,-1.3474085330963135,13.0,16.567964553833008,16.55715560913086,6182400
0.01981985569000244,-1.348531723022461,0.0,-5.643519878387451,-6.972231864929199,6192800
0.7525049448013306,-1.3478689193725586,6.5,5.250139236450195,4.654775142669678,6203200
0.02113690786063671,-1.3482825756072998,0.0,-6.163730144500732,-7.490876197814941,6213600
0.6598641276359558,-1.3470308780670166,0.0,6.97400426864624,6.286837577819824,6224000
0.00847119465470314,-1.3477338552474976,0.0,-2.7408206462860107,-4.08008337020874,6234400
0.0057463254779577255,-1.3477354049682617,0.0,-2.61961030960083,-3.961599349975586,6244800
0.3125170171260834,-1.3470200300216675,11.0,3.36519718170166,2.3306941986083984,6256000
0.45790040493011475,-1.3475004434585571,0.0,2.64320969581604,1.753609538078308,6266400
0.017105529084801674,-1.347007393836975,1.5,-5.575969219207764,-6.9058709144592285,6276000
0.8164917230606079,-1.347404956817627,0.5,8.79172134399414,8.260808944702148,6287200
0.5252422094345093,-1.3481805324554443,5.5,6.586299896240234,5.763361930847168,6296800
0.9229053258895874,-1.3458153009414673,0.5,4.830121994018555,4.407212257385254,6307200
0.019588300958275795,-1.346085786819458,0.0,-4.620987415313721,-5.947484970092773,6317600
0.030902782455086708,-1.3461674451828003,0.0,-5.654088020324707,-6.969352722167969,6328000
1.0282126665115356,-1.3461884260177612,4.400000095367432,7.804460525512695,7.486484527587891,6338400
0.03833164647221565,-1.3459337949752808,0.0,-6.791017532348633,-8.09861946105957,6349600
0.021999849006533623,-1.3468570709228516,0.0,-3.5949835777282715,-4.9198408126831055,6359200
0.02703198976814747,-1.3470356464385986,0.0,-6.25558614730835,-7.575590133666992,6369600
0.9677022099494934,-1.346824049949646,0.3333333432674408,11.761748313903809,11.3826265335083,6380000
0.02945265732705593,-1.3469632863998413,0.0,-3.5950794219970703,-4.912590026855469,6391200
0.7783072590827942,-1.346628189086914,0.5,4.825193881988525,4.25687313079834,6401600
0.08080112189054489,-1.346718668937683,0.0,-9.458996772766113,-10.72491455078125,6411200
0.021886998787522316,-1.3469816446304321,0.0,-1.7409648895263672,-3.0660595893859863,6421600
0.01614384911954403,-1.34761381149292,0.0,-4.635321140289307,-5.966791152954102,6432800
0.4146217107772827,-1.3483643531799316,0.0,-0.6253721117973328,-1.559114694595337,6443200
0.043329980224370956,-1.3484123945236206,0.0,-7.104664325714111,-8.409746170043945,6453600
0.019050942733883858,-1.347251057624817,0.0,-4.324914455413818,-5.653114318847656,6464000
0.011629302985966206,-1.348158359527588,0.0,-3.8073458671569824,-5.1438751220703125,6474400
0.011550229042768478,-1.349348545074463,0.0,-3.908247232437134,-5.2460455894470215,6484800
0.02261890284717083,-1.3486629724502563,0.0,-4.650454044342041,-5.976498126983643,6495200
0.020107757300138474,-1.3484230041503906,0.0,-5.574380397796631,-6.902695655822754,6506400
0.09811684489250183,-1.348778486251831,0.0,-1.715894341468811,-2.9665560722351074,6516000
0.5315244197845459,-1.3479565382003784,11.0,5.7848663330078125,4.9684343338012695,6527200
0.009895586408674717,-1.3481395244598389,0.0,-3.549318552017212,-4.8875627517700195,6536800
0.016595706343650818,-1.3479948043823242,0.3333333432674408,-5.1448564529418945,-6.476255416870117,6548000
0.7129443883895874,-1.3469535112380981,0.0,8.351217269897461,7.717207908630371,6556800
0.6469139456748962,-1.3472294807434082,1.0,5.515168190002441,4.814852714538574,6567200
0.020207149907946587,-1.3473248481750488,0.0,-1.8701343536376953,-3.197252035140991,6577600
0.7975819110870361,-1.3458278179168701,3.6666667461395264,7.677598476409912,7.129352569580078,6588000
0.31810542941093445,-1.345940113067627,2.75,-1.8711206912994385,-2.8989553451538086,6598400
0.02544322796165943,-1.3445309400558472,0.0,-6.000992774963379,-7.320080757141113,6608800
0.07754720002412796,-1.3450857400894165,0.0,-3.602555274963379,-4.870093822479248,6619200
0.7116074562072754,-1.3469804525375366,1.0,3.451113224029541,2.8157401084899902,6629600
0.04556284099817276,-1.3462879657745361,0.0,-7.85750675201416,-9.158231735229492,6639200
0.02322101593017578,-1.3468003273010254,0.0,-4.89307165145874,-6.21665096282959,6650400
0.028680825605988503,-1.3461124897003174,0.3333333432674408,-4.8984832763671875,-6.215914726257324,6660800
0.3030424416065216,-1.3476060628890991,2.200000047683716,-2.052021026611328,-3.0965847969055176,6672000
0.030276184901595116,-1.3466929197311401,0.0,-5.475261688232422,-6.791678428649902,6682400
0.028467677533626556,-1.3458716869354248,0.0,-4.857170104980469,-6.17457389831543,6692800
0.05439882352948189,-1.3440439701080322,0.0,-5.700417995452881,-6.990062713623047,6703200
0.53034907579422,-1.3437682390213013,11.0,7.234991073608398,6.421572208404541,6712800
0.04720151051878929,-1.345379114151001,0.0,-5.105572700500488,-6.403750419616699,6724000
2.0130810737609863,-1.3440090417861938,0.0,27.078954696655273,27.74802589416504,6734400
0.6488018035888672,-1.3427091836929321,0.6000000238418579,-2.2120678424835205,-2.905975341796875,6743200
1.1769661903381348,-1.3444080352783203,5.5,14.29262638092041,14.125185012817383,6753600
0.33738985657691956,-1.3433456420898438,2.75,-0.5552881360054016,-1.5612438917160034,6764000
0.031000660732388496,-1.3446764945983887,0.5,-6.219205379486084,-7.532881259918213,6773600
0.4162338376045227,-1.34355628490448,12.0,0.08801847696304321,-0.8393039703369141,6784000
0.7686038017272949,-1.3457036018371582,4.0,6.087890625,5.510790824890137,6794400
0.04968741163611412,-1.3457521200180054,0.3333333432674408,-6.354413986206055,-7.650478839874268,6804800
0.1343333125114441,-1.3450946807861328,0.0,-3.7818517684936523,-4.992612838745117,6814400
0.9523007869720459,-1.3464579582214355,5.5,8.726105690002441,8.331949234008789,6824800
0.012493502348661423,-1.3466264009475708,0.0,-4.981944561004639,-6.31607723236084,6835200
0.011725272051990032,-1.3457722663879395,0.0,-3.901724100112915,-5.235771179199219,6845600
0.01965339295566082,-1.345987319946289,0.0,-5.564521789550781,-6.89085578918457,6856000
0.4879390299320221,-1.3453190326690674,11.0,7.270914077758789,6.413534164428711,6865600
0.007891615852713585,-1.3469403982162476,0.0,-3.4999241828918457,-4.838973045349121,6876800
0.7012279033660889,-1.3465244770050049,3.0,3.247532606124878,2.602236032485962,6886400
0.03783596307039261,-1.346817135810852,0.0,-6.137815952301025,-7.446796894073486,6896800
0.03548430651426315,-1.3454227447509766,0.0,-7.094722747802734,-8.404661178588867,6908000
0.08580312877893448,-1.3469666242599487,6.0,-8.341994285583496,-9.603157997131348,6918400
0.883837878704071,-1.3467566967010498,0.0,7.305304050445557,6.842385292053223,6928800
0.03700399771332741,-1.3453630208969116,0.0,-8.02457046508789,-9.332929611206055,6938400
0.019696852192282677,-1.3462897539138794,0.0,-6.01423454284668,-7.340827465057373,6948800
0.051046036183834076,-1.3465962409973145,0.0,-8.682087898254395,-9.977638244628906,6959200
0.014614526182413101,-1.3468657732009888,0.0,-4.959610462188721,-6.291861534118652,6969600
0.9195546507835388,-1.3468633890151978,0.5,10.155937194824219,9.728628158569336,6979200
1.242246150970459,-1.3463302850723267,0.0,14.085076332092285,13.98099136352539,6990400
0.8813549280166626,-1.3477320671081543,0.0,13.467850685119629,13.001474380493164,7000800
0.02219102717936039,-1.346874475479126,0.0,-6.737728118896484,-8.062411308288574,7011200
0.02591777592897415,-1.3480826616287231,0.0,-5.414831161499023,-6.736995697021484,7021600
0.9586692452430725,-1.346907615661621,3.6666667461395264,9.84278392791748,9.454545974731445,7032000
0.05208431929349899,-1.3465690612792969,0.0,-7.559159278869629,-8.853643417358398,7042400
0.038997747004032135,-1.347536563873291,0.5,-7.207499980926514,-8.51603889465332,7052000
0.02218981832265854,-1.3459057807922363,0.0,-5.502399921417236,-6.82611608505249,7063200
0.007942414842545986,-1.3463728427886963,0.0,-3.020700216293335,-4.359130859375,7072800
1.0079395771026611,-1.3474780321121216,1.0,11.419779777526855,11.080241203308105,7084000
0.746421754360199,-1.3470160961151123,2.75,8.821613311767578,8.22101879119873,7094400
0.010416113771498203,-1.3473498821258545,0.0,-4.072947978973389,-5.409881591796875,7104800
0.9442601203918457,-1.3476940393447876,0.0,10.812091827392578,10.40865707397461,7115200
0.9284155368804932,-1.347840666770935,0.0,12.09351634979248,11.674091339111328,7125600
0.3272373378276825,-1.3485877513885498,5.5,0.40465670824050903,-0.6166937351226807,7135200
0.7381139397621155,-1.3477237224578857,0.0,4.3784284591674805,3.7688186168670654,7145600
0.36108723282814026,-1.348340392112732,11.0,1.4943403005599976,0.5070871114730835,7156000
0.5971100926399231,-1.3484423160552979,5.5,10.233880043029785,9.482547760009766,7165600
0.02576102502644062,-1.348185420036316,0.0,-6.112718105316162,-7.435142517089844,7176800
0.032909028232097626,-1.3481998443603516,0.0,-4.433370113372803,-5.748661041259766,7187200
0.4943629205226898,-1.3480840921401978,5.5,2.3026647567749023,1.4489434957504272,7197600
0.09717340022325516,-1.3476706743240356,0.0,-7.696991920471191,-8.947489738464355,7207200
0.03210122883319855,-1.3479232788085938,1.0,-4.249055862426758,-5.564877986907959,7217600
0.056831713765859604,-1.347014307975769,0.5,-6.387366771697998,-7.677549362182617,7228000
0.08207780122756958,-1.3468246459960938,0.0,-8.843352317810059,-10.108098983764648,7238400
1.0218443870544434,-1.347110390663147,0.0,9.174057006835938,8.848791122436523,7248800
1.676878571510315,-1.347120761871338,0.0,23.81395721435547,24.143714904785156,7259200
0.05839869752526283,-1.3470202684402466,0.0,-8.220398902893066,-9.509020805358887,7269600
0.33558937907218933,-1.3464378118515015,5.5,-1.861908197402954,-2.8727564811706543,7280800
0.04354098066687584,-1.3480709791183472,0.3333333432674408,-6.217808723449707,-7.5223388671875,7290400
0.6739237308502197,-1.346333384513855,5.5,5.599695205688477,4.927285194396973,7301600
0.06445849686861038,-1.3461660146713257,0.25,-10.281722068786621,-11.56342887878418,7312000
0.023377425968647003,-1.3458006381988525,1.0,-6.395843982696533,-7.718267440795898,7321600
0.03611532226204872,-1.3448258638381958,0.0,-6.439888954162598,-7.748599529266357,7332000
0.05677304044365883,-1.347633957862854,0.0,-8.07144832611084,-9.362309455871582,7342400
0.02220887877047062,-1.3459163904190063,0.0,-4.679405212402344,-6.00311279296875,7352800
0.4634290933609009,-1.3470438718795776,11.0,2.3262062072753906,1.4425913095474243,7363200
0.02715451829135418,-1.345177412033081,0.0,-6.1277265548706055,-7.445749282836914,7372800
0.7333858013153076,-1.3455088138580322,0.0,1.9792156219482422,1.3670926094055176,7384000
0.14061832427978516,-1.3454885482788086,4.0,-2.816796064376831,-4.021666526794434,7394400
0.030957838520407677,-1.3469940423965454,0.0,-7.195822238922119,-8.511858940124512,7404800
0.029869871214032173,-1.3447538614273071,0.3333333432674408,-7.153450012207031,-8.468334197998047,7416000
0.0316169299185276,-1.344801664352417,0.0,-4.364287853240967,-5.677472114562988,7426400
0.39559248089790344,-1.3461406230926514,11.0,2.9477827548980713,1.997234582901001,7436800
2.162031888961792,-1.3466167449951172,0.0,25.540485382080078,26.355899810791016,7447200
0.03202269598841667,-1.3473519086837769,0.0,-5.8289690017700195,-7.144298553466797,7457600
0.06441234797239304,-1.3469232320785522,0.0,-7.235523700714111,-8.518034934997559,7468000
0.05667021498084068,-1.3461189270019531,0.0,-6.223952293395996,-7.513401031494141,7478400
0.6888740658760071,-1.3466403484344482,2.200000047683716,6.409808158874512,5.752041816711426,7488000
0.032040923833847046,-1.347272515296936,0.5,-5.778797149658203,-7.094028472900391,7498400
0.025738641619682312,-1.347166895866394,0.0,-5.6171979904174805,-6.938626289367676,7508800
0.7685798406600952,-1.3458361625671387,5.5,9.337923049926758,8.760665893554688,7519200
1.6928600072860718,-1.3461750745773315,6.5,15.169050216674805,15.515734672546387,7530400
0.026696154847741127,-1.3459752798080444,0.0,-4.7471394538879395,-6.066418647766113,7540800
1.4847460985183716,-1.3474349975585938,4.400000095367432,20.959125518798828,21.096437454223633,7550400
0.08329605311155319,-1.346981167793274,0.3333333432674408,-8.013275146484375,-9.276960372924805,7561600
0.021089984104037285,-1.3476241827011108,1.0,-5.8582024574279785,-7.184736728668213,7572000
1.128401756286621,-1.3469407558441162,7.666666507720947,14.495543479919434,14.27700424194336,7581600
0.026973918080329895,-1.3479270935058594,0.0,-6.520709037780762,-7.841662406921387,7592800
0.02557329460978508,-1.3470808267593384,0.25,-4.648467540740967,-5.969974994659424,7603200
1.5587095022201538,-1.3473910093307495,0.5,19.19580078125,19.407119750976562,7613600
0.6487058401107788,-1.3466328382492065,0.0,0.8573212623596191,0.1593942642211914,7623200
0.07032903283834457,-1.3458263874053955,0.0,-3.2006962299346924,-4.476193428039551,7633600
0.08377394825220108,-1.347109317779541,0.0,-7.319561958312988,-8.582897186279297,7643200
0.49318400025367737,-1.3470818996429443,11.0,2.5710432529449463,1.7171454429626465,7653600
0.5080115795135498,-1.3461834192276,0.5,0.06973548233509064,-0.7684363722801208,7664000
1.0738762617111206,-1.3462226390838623,2.200000047683716,6.698797702789307,6.426451683044434,7675200
0.893661618232727,-1.3467211723327637,0.0,10.680281639099121,10.227222442626953,7685600
0.05651766434311867,-1.3460382223129272,0.0,-7.600812911987305,-8.89033317565918,7696000
0.04519438371062279,-1.3461174964904785,0.5,-6.319228649139404,-7.620151996612549,7706400
0.04314066097140312,-1.3473455905914307,0.0,-5.68579626083374,-6.9900007247924805,7716000
0.03911993280053139,-1.3461445569992065,0.3333333432674408,-7.877049922943115,-9.184074401855469,7727200
0.03373651206493378,-1.3452033996582031,0.0,-7.499997615814209,-8.811464309692383,7737600
0.09518083930015564,-1.3456346988677979,0.0,-8.909769058227539,-10.160223007202148,7748000
0.8980519771575928,-1.3461021184921265,0.0,5.804294109344482,5.35624361038208,7758400
0.5358949303627014,-1.346388816833496,5.5,4.1872406005859375,3.376746654510498,7768800
1.1470415592193604,-1.347066879272461,0.0,14.911067962646484,14.711042404174805,7779200
0.08506099879741669,-1.3445860147476196,0.0,-9.936607360839844,-11.19613265991211,7789600
0.03388575091958046,-1.3438981771469116,0.0,-7.416643142700195,-8.726655006408691,7800000
0.8338099718093872,-1.3455315828323364,2.0,8.594725608825684,8.083003997802734,7810400
0.4582180976867676,-1.3445578813552856,2.75,-1.6795686483383179,-2.565908432006836,7821600
1.3601359128952026,-1.3446905612945557,0.5,8.72385025024414,8.739295959472656,7831200
0.06849531084299088,-1.3447651863098145,0.5,-11.168848991394043,-12.445117950439453,7841600
1.0499382019042969,-1.344855785369873,1.0,6.2938232421875,5.998905658721924,7852000
0.9758704900741577,-1.3463618755340576,0.0,10.696020126342773,10.325528144836426,7862400
0.04209427535533905,-1.3455874919891357,1.0,-8.069823265075684,-9.373316764831543,7872800
0.051395975053310394,-1.346004605293274,0.0,-3.544666051864624,-4.839274883270264,7883200
0.06145932525396347,-1.3443840742111206,0.0,-8.295875549316406,-9.578800201416016,7893600
0.5214363932609558,-1.346047043800354,3.6666667461395264,-0.00248124822974205,-0.8270918726921082,7903200
0.06262931227684021,-1.3452305793762207,0.0,-2.494251012802124,-3.7768523693084717,7913600
3.0471365451812744,-1.3442487716674805,0.0,45.90574645996094,47.60863494873047,7924000
0.6491806507110596,-1.3451608419418335,0.5,2.330139636993408,1.6341594457626343,7934400
0.18327461183071136,-1.3441039323806763,5.5,3.1526639461517334,1.9918345212936401,7944800
0.4319087862968445,-1.3451790809631348,1.7142857313156128,3.1519038677215576,2.238633632659912,7955200
1.059574007987976,-1.3478808403015137,0.0,9.729026794433594,9.440719604492188,7965600
0.02520170994102955,-1.3475409746170044,0.0,-5.426149845123291,-6.748488903045654,7976000
0.04191712290048599,-1.3470005989074707,0.0,-6.446667194366455,-7.751750469207764,7985600
0.012972523458302021,-1.3462891578674316,0.0,-4.370767116546631,-5.7040839195251465,7996000
2.2384674549102783,-1.3459498882293701,0.5,31.424449920654297,32.31696701049805,8007200
1.0364458560943604,-1.3471773862838745,0.0,11.058247566223145,10.747515678405762,8016800
0.8023150563240051,-1.347422480583191,1.0,7.256007671356201,6.71090030670166,8027200
0.045081187039613724,-1.3451385498046875,0.0,-7.994071960449219,-9.294129371643066,8036800
0.0650021880865097,-1.3452796936035156,0.0,-9.663660049438477,-10.943937301635742,8046400
0.04001889377832413,-1.3449833393096924,0.0,-5.827703475952148,-7.132667541503906,8056800
0.9593231081962585,-1.34306800365448,0.0,8.31971263885498,7.935967445373535,8067200
0.025936398655176163,-1.3462153673171997,0.0,-5.804157733917236,-7.124436378479004,8077600
0.04219904914498329,-1.3455959558486938,0.0,-8.028491973876953,-9.331889152526855,8088800
0.9643992781639099,-1.347705364227295,0.0,6.9536027908325195,6.570296764373779,8098400
3.8474020957946777,-1.3467158079147339,0.0,27.241456985473633,29.742143630981445,8108800
0.037436552345752716,-1.3469297885894775,0.0,-5.646988868713379,-6.95648193359375,8119200
1.2060520648956299,-1.3445428609848022,4.0,9.832497596740723,9.69400691986084,8129600
0.6533194184303284,-1.3445782661437988,11.0,3.787809371948242,3.096550464630127,8140000
0.5772438049316406,-1.3459968566894531,0.20000000298023224,-1.9641789197921753,-2.7329320907592773,8150400
0.05816452205181122,-1.343281865119934,0.0,-8.036170959472656,-9.321288108825684,8161600
0.08663009852170944,-1.3455147743225098,6.0,-6.715869426727295,-7.974754333496094,8171200
0.13660231232643127,-1.3441516160964966,0.0,-5.3122076988220215,-6.51975679397583,8181600
0.48382461071014404,-1.346582293510437,11.0,4.086418628692627,3.223660945892334,8190400
0.02306330017745495,-1.3447210788726807,0.0,-6.051589012145996,-7.373247146606445,8200800
1.2841839790344238,-1.3430360555648804,5.5,17.45047950744629,17.391626358032227,8211200
0.03540737181901932,-1.3462990522384644,0.0,-6.760980606079102,-8.071871757507324,8222400
0.014843558892607689,-1.3462425470352173,0.0,-4.556417942047119,-5.887816905975342,8232800
0.02931896597146988,-1.34518563747406,0.0,-6.110667705535889,-7.426534652709961,8243200
0.03770096227526665,-1.343496561050415,0.25,-6.704832077026367,-8.010627746582031,8253600
1.4315710067749023,-1.3437707424163818,11.0,13.985952377319336,14.073752403259277,8264000
0.040850717574357986,-1.3445452451705933,1.0,-6.245701789855957,-7.549396514892578,8273600
1.5531883239746094,-1.3451865911483765,6.0,11.9768705368042,12.1848726272583,8284000
0.028667569160461426,-1.3457330465316772,0.0,-4.967208385467529,-6.284274101257324,8294400
0.016567716374993324,-1.343671202659607,0.0,-5.497532367706299,-6.824635982513428,8304800
0.32419097423553467,-1.3434679508209229,2.0,-0.9501508474349976,-1.9694278240203857,8315200
0.9503952860832214,-1.3466837406158447,0.0,6.1165924072265625,5.720303535461426,8324000
0.029305560514330864,-1.347422480583191,0.0,-3.4974923133850098,-4.815609455108643,8335200
0.07195474952459335,-1.3472145795822144,0.0,-3.655048370361328,-4.9303083419799805,8344800
0.20645037293434143,-1.3459970951080322,5.5,-4.2064361572265625,-5.345982551574707,8356000
0.023077618330717087,-1.3466278314590454,0.20000000298023224,-6.725821018218994,-8.049371719360352,8366400
0.015046977438032627,-1.3435713052749634,0.0,-4.731607437133789,-6.060131549835205,8376800
0.014252793975174427,-1.344318151473999,0.0,-4.888516902923584,-6.2185821533203125,8387200
0.484238862991333,-1.3466546535491943,3.6666667461395264,2.370412588119507,1.5079967975616455,8396800
0.021743156015872955,-1.3446966409683228,0.1666666716337204,-5.026256084442139,-6.349209308624268,8407200
0.7302885055541992,-1.3458646535873413,3.25,2.8061091899871826,2.19053316116333,8417600
0.010899055749177933,-1.3443248271942139,0.0,-4.007411003112793,-5.340836524963379,8428800
0.4770281910896301,-1.3450442552566528,3.6666667461395264,3.663663148880005,2.795647144317627,8437600
0.03381823003292084,-1.344146966934204,0.0,-4.315848350524902,-5.626176834106445,8447200
0.8325754404067993,-1.3435341119766235,0.0,5.26184606552124,4.750887393951416,8457600
0.02551269344985485,-1.3451688289642334,1.0,-6.212658405303955,-7.532314300537109,8468000
0.0295412577688694,-1.3454344272613525,0.0,-5.85455322265625,-7.170446395874023,8478400
0.029520416632294655,-1.3462889194488525,0.0,-3.1193671226501465,-4.436135292053223,8488800
0.018578264862298965,-1.344658374786377,0.0,-4.302811145782471,-5.628891468048096,8499200
2.0400147438049316,-1.3463232517242432,0.0,14.042397499084473,14.736089706420898,8508800
0.04802622273564339,-1.3443506956100464,0.0,-5.917027950286865,-7.213352680206299,8519200
0.29869362711906433,-1.3439369201660156,0.6666666865348816,-6.415966510772705,-7.461209774017334,8529600
0.33752891421318054,-1.3433641195297241,2.75,3.9405300617218018,2.934694766998291,8538400
0.8381670713424683,-1.3447579145431519,11.0,10.881322860717773,10.37473201751709,8549600
0.05563919246196747,-1.3448187112808228,0.0,-8.031164169311523,-9.320343971252441,8560000
0.03621887415647507,-1.3475751876831055,0.0,-3.894501209259033,-5.205857276916504,8569600
0.09135787189006805,-1.344209909439087,0.6666666865348816,-7.593445301055908,-8.846297264099121,8580000
0.043254148215055466,-1.3440285921096802,0.0,-5.266648292541504,-6.567422389984131,8589600
0.9019481539726257,-1.3465200662612915,3.0,8.339482307434082,7.8949103355407715,8600000
0.6451070308685303,-1.3457615375518799,11.0,5.096124172210693,4.395469665527344,8610400
0.07242321968078613,-1.345946192741394,0.0,-8.328208923339844,-9.60173225402832,8620800
0.010070734657347202,-1.3469457626342773,0.0,-3.5720603466033936,-4.908935546875,8630400
0.06993178278207779,-1.3437834978103638,0.0,-4.909968376159668,-6.183819770812988,8641600
0.21249370276927948,-1.3452836275100708,3.6666667461395264,-3.1769931316375732,-4.309782981872559,8651200
0.021721171215176582,-1.345917820930481,0.0,-2.830162525177002,-4.154359340667725,8661600
0.019029296934604645,-1.3451189994812012,0.0,-4.017631530761719,-5.343721389770508,8672800
0.546636164188385,-1.344079852104187,1.8333333730697632,5.754000663757324,4.956556797027588,8682400
0.5449854731559753,-1.3445239067077637,2.75,3.410612106323242,2.6110737323760986,8692800
0.005704939365386963,-1.3448783159255981,0.0,-2.3283989429473877,-3.667572498321533,8703200
0.9801375269889832,-1.3445913791656494,5.5,10.021855354309082,9.657402038574219,8713600
0.014266422018408775,-1.3457995653152466,0.0,-1.7994341850280762,-3.130967378616333,8724000
0.678780198097229,-1.3438502550125122,2.75,-0.14670097827911377,-0.811771035194397,8734400
0.07000898569822311,-1.346904993057251,0.25,-8.693745613098145,-9.970641136169434,8744000
0.018825344741344452,-1.346725583076477,0.0,-3.83844256401062,-5.166342735290527,8754400
0.028883442282676697,-1.345038890838623,0.0,-6.51371431350708,-7.829869747161865,8764800
0.043003182858228683,-1.345100998878479,0.0,-7.946427345275879,-9.248525619506836,8775200
0.016256412491202354,-1.3438799381256104,0.0,-4.546438694000244,-5.874062538146973,8785600
1.376008152961731,-1.3442376852035522,4.0,12.394181251525879,12.425951957702637,8796800
0.6286664009094238,-1.3446837663650513,0.0,4.076083660125732,3.3600664138793945,8807200
1.65408194065094,-1.3433631658554077,6.0,23.848451614379883,24.159170150756836,8816800
0.03192758187651634,-1.3442896604537964,0.0,-5.057185649871826,-6.3695478439331055,8826400
0.059633541852235794,-1.344731092453003,0.0,-9.251773834228516,-10.536871910095215,8836800
0.07413902878761292,-1.3459827899932861,0.5,-4.721331596374512,-5.993175506591797,8847200
0.46704286336898804,-1.3458868265151978,2.200000047683716,0.6782675981521606,-0.20057642459869385,8857600
0.12454108893871307,-1.3446003198623657,0.0,-11.569620132446289,-12.789679527282715,8868000
1.4919631481170654,-1.3464406728744507,6.0,17.907743453979492,18.053264617919922,8878400
0.44409382343292236,-1.3451822996139526,11.0,4.171748638153076,3.270659923553467,8889600
0.46090853214263916,-1.3448493480682373,4.0,-0.20625802874565125,-1.0901988744735718,8899200
1.1852068901062012,-1.3444687128067017,4.400000095367432,13.635078430175781,13.47581672668457,8910400
0.04153520613908768,-1.345449447631836,0.0,-5.969150066375732,-7.273064136505127,8920000
0.6083206534385681,-1.3457772731781006,0.0,0.28193700313568115,-0.4555196166038513,8931200
0.8829284906387329,-1.3466548919677734,0.0,9.100584030151367,8.636857986450195,8941600
0.031499411910772324,-1.3461180925369263,0.0,-3.6300783157348633,-4.94469690322876,8951200
1.758480429649353,-1.3451409339904785,5.5,25.232162475585938,25.6455020904541,8961600
0.21736574172973633,-1.3466459512710571,0.0,-8.00967025756836,-9.13895034790039,8972000
0.025865798816084862,-1.3464330434799194,0.0,-4.8046698570251465,-6.125236988067627,8982400
1.0886479616165161,-1.3460335731506348,0.0,11.491291046142578,11.233905792236328,8992800
0.031150896102190018,-1.3469679355621338,0.0,-4.308403491973877,-5.624220848083496,9002400
0.04094969853758812,-1.3457921743392944,0.0,-6.65501594543457,-7.959858417510986,9012800
0.12289740145206451,-1.348062515258789,0.0,-11.67519760131836,-12.900362968444824,9023200
0.11516310274600983,-1.3477531671524048,0.0,-6.7610883712768555,-7.993678092956543,9032800
0.3375750184059143,-1.3473080396652222,0.3333333432674408,-1.3642128705978394,-2.373945713043213,9043200
0.06117638200521469,-1.3470269441604614,0.0,-7.905622482299805,-9.191473007202148,9053600
0.2402866929769516,-1.3467199802398682,0.0,-12.485546112060547,-13.591979026794434,9064000
0.07335778325796127,-1.3472704887390137,0.5,-9.479602813720703,-10.753515243530273,9074400
1.4342135190963745,-1.3465156555175781,5.75,21.106863021850586,21.194561004638672,9085600
0.04016101732850075,-1.3481663465499878,1.0,-5.772924900054932,-7.080930233001709,9096000
1.2075023651123047,-1.3461976051330566,0.5,8.701452255249023,8.56275749206543,9106400
0.7988932728767395,-1.3462754487991333,0.5,4.283408164978027,3.7360262870788574,9116800
0.026090266183018684,-1.3473609685897827,1.0,-6.0796027183532715,-7.40087366104126,9127200
0.02198933996260166,-1.347011685371399,0.5,-5.936887264251709,-7.261909484863281,9137600
0.6140691041946411,-1.345685601234436,0.0,2.1606180667877197,1.4290016889572144,9148000
0.020763196051120758,-1.3495501279830933,1.0,-4.588143348693848,-5.916930198669434,9158400
0.5955379009246826,-1.3459593057632446,0.5,2.16640305519104,1.415981650352478,9168800
0.4914230704307556,-1.3467265367507935,2.200000047683716,2.8384809494018555,1.9831775426864624,9179200
0.03656564652919769,-1.3457379341125488,0.0,-4.2325873374938965,-5.541759490966797,9190400
1.044959306716919,-1.3481186628341675,2.0,9.685537338256836,9.382377624511719,9200000
0.012514048255980015,-1.3481578826904297,0.0,-4.534440994262695,-5.870084762573242,9211200
1.1498689651489258,-1.3466850519180298,12.0,11.287697792053223,11.09088134765625,9221600
0.017828714102506638,-1.3474587202072144,0.0,-2.8509955406188965,-4.1806254386901855,9232000
0.841901421546936,-1.3467682600021362,11.0,10.649535179138184,10.144668579101562,9242400
0.45362141728401184,-1.3465451002120972,0.25,-1.4501292705535889,-2.343052864074707,9251200
0.01414797455072403,-1.3468434810638428,0.0,-4.965138912200928,-6.297834396362305,9260800
0.05660796910524368,-1.3471109867095947,0.6666666865348816,-9.558530807495117,-10.84903335571289,9270400
0.02754618227481842,-1.3466094732284546,0.0,-5.562740802764893,-6.8818039894104,9280800
1.3550550937652588,-1.3476938009262085,2.3333332538604736,9.118406295776367,9.125767707824707,9290400
0.38744863867759705,-1.3462780714035034,5.5,-0.13176749646663666,-1.0905969142913818,9301600
0.036636922508478165,-1.3485088348388672,0.0,-6.546751976013184,-7.85862398147583,9312000
0.03756629303097725,-1.3467556238174438,0.0,-6.034080982208252,-7.343270301818848,9321600
0.07182307541370392,-1.3459464311599731,0.0,-7.157352447509766,-8.431475639343262,9332000
0.012699696235358715,-1.3487186431884766,0.0,-4.9115891456604,-6.247608184814453,9342400
0.041629813611507416,-1.34635329246521,0.3333333432674408,-6.198279857635498,-7.503003120422363,9352800
0.020887499675154686,-1.3464492559432983,0.0,-5.478610515594482,-6.804172515869141,9363200
0.3787398636341095,-1.3465615510940552,5.5,-2.8067731857299805,-3.774594783782959,9372800
0.15707997977733612,-1.3435289859771729,0.0,-15.768996238708496,-16.955446243286133,9383200
0.8482202887535095,-1.3448251485824585,3.8333332538604736,9.075559616088867,8.578954696655273,9392800
0.03376121073961258,-1.346159815788269,0.0,-7.179652214050293,-8.492051124572754,9402400
1.879839301109314,-1.3450318574905396,0.5,12.013060569763184,12.547867774963379,9412800
0.06951462477445602,-1.3466551303863525,0.0,-7.869418621063232,-9.14655876159668,9423200
0.6817732453346252,-1.3447800874710083,5.5,1.5511474609375,0.8881405591964722,9433600
0.034694477915763855,-1.345684289932251,0.0,-6.132263660430908,-7.443253517150879,9444000
0.017497269436717033,-1.3451251983642578,0.0,-4.968969821929932,-6.296597957611084,9453600
1.091672658920288,-1.3448216915130615,0.0,5.493689060211182,5.24053955078125,9463200
0.025191642343997955,-1.3455662727355957,1.0,-3.9981329441070557,-5.318507671356201,9473600
1.0167837142944336,-1.3473453521728516,0.0,9.211143493652344,8.880581855773926,9484800
0.06563179194927216,-1.3481924533843994,0.1666666716337204,-8.277117729187012,-9.559678077697754,9494400
0.8403136134147644,-1.345879077911377,2.75,7.378791809082031,6.873226642608643,9504800
0.7167901396751404,-1.3450851440429688,5.5,6.457536697387695,5.829241752624512,9516000
0.9539279341697693,-1.3462597131729126,2.75,8.325273513793945,7.932941913604736,9525600
0.010891458950936794,-1.3464734554290771,0.0,-4.3198652267456055,-5.655447006225586,9536000
0.570988655090332,-1.3473315238952637,3.6666667461395264,3.4558568000793457,2.679513931274414,9546400
0.025652457028627396,-1.3469163179397583,0.5,-6.760377883911133,-8.081642150878906,9556800
4.3936381340026855,-1.34662926197052,0.0,28.655332565307617,31.70233917236328,9567200
0.822321891784668,-1.3479164838790894,5.5,8.877641677856445,8.352046966552734,9576800
1.3565562963485718,-1.3465800285339355,5.5,15.853180885314941,15.863157272338867,9587200
0.054191023111343384,-1.3473691940307617,0.0,-7.384503364562988,-8.677680969238281,9596800
0.4532203674316406,-1.3472249507904053,0.125,-4.319476127624512,-5.2134809494018555,9608000
0.03653625026345253,-1.3454439640045166,0.0,-7.588960647583008,-8.897868156433105,9617600
0.9451725482940674,-1.3464056253433228,11.0,7.332490921020508,6.931257724761963,9628000
0.05561273545026779,-1.3462200164794922,0.0,-8.444157600402832,-9.73476505279541,9638400
0.03693118691444397,-1.3480497598648071,3.6666667461395264,-4.823029041290283,-6.134147644042969,9648800
0.03262132778763771,-1.3471604585647583,0.0,-2.5931649208068848,-3.9077038764953613,9659200
0.7475419640541077,-1.3470728397369385,2.4000000953674316,1.3608055114746094,0.7612745761871338,9669600
0.7679013013839722,-1.344677209854126,3.6666667461395264,4.461779594421387,3.8850038051605225,9680000
0.291248083114624,-1.3463048934936523,2.0,-0.7526174783706665,-1.8076742887496948,9690400
2.635610342025757,-1.347080945968628,0.0,30.597299575805664,31.88582992553711,9700000
2.0061545372009277,-1.3458930253982544,6.5,27.988370895385742,28.648632049560547,9710400
0.17808067798614502,-1.348166823387146,0.0,-2.7943532466888428,-3.9644393920898438,9720800
0.7680487632751465,-1.3466012477874756,2.75,4.810802936553955,4.232250213623047,9732000
1.1631619930267334,-1.3477455377578735,0.0,12.958260536193848,12.773676872253418,9741600
0.0404636524617672,-1.3456640243530273,0.3333333432674408,-8.07593822479248,-9.381138801574707,9752800
1.2638506889343262,-1.3481003046035767,0.0,15.550152778625488,15.465902328491211,9762400
0.07952041178941727,-1.3464276790618896,0.0,-8.802165985107422,-10.069073677062988,9772800
0.8444075584411621,-1.3458936214447021,0.0,-0.044355787336826324,-0.5458418726921082,9783200
0.0725826621055603,-1.3451746702194214,0.0,-7.538724422454834,-8.81131649017334,9792800
0.02933502197265625,-1.3474074602127075,0.0,-5.137810707092285,-6.455883026123047,9804000
1.3935850858688354,-1.3463815450668335,4.400000095367432,20.06645393371582,20.113656997680664,9814400
0.9957280158996582,-1.3462501764297485,0.0,7.187396049499512,6.836874485015869,9824800
0.7636944055557251,-1.347577691078186,11.0,9.778240203857422,9.194356918334961,9834400
0.06476390361785889,-1.3465496301651,0.0,-6.682009220123291,-7.963794708251953,9844800
0.07246556133031845,-1.3471864461898804,0.0,-8.47748851776123,-9.752208709716797,9855200
0.020172549411654472,-1.3464335203170776,0.0,-5.506870746612549,-6.833131790161133,9865600
2.145866632461548,-1.345856785774231,2.0,22.67559242248535,23.475601196289062,9876000
1.2408772706985474,-1.3461679220199585,4.400000095367432,16.60787582397461,16.50258445739746,9885600
0.011280585080385208,-1.3479337692260742,0.0,-3.866973876953125,-5.203627109527588,9896000
0.029675111174583435,-1.3455218076705933,0.5,-6.226837158203125,-7.542684078216553,9907200
0.041883740574121475,-1.3463215827941895,0.5,-5.419284343719482,-6.723721981048584,9917600
0.02756393514573574,-1.3471652269363403,0.0,-3.218592643737793,-4.538193702697754,9928800
0.4867808520793915,-1.3470150232315063,0.5,-0.5009915828704834,-1.3612257242202759,9939200
2.4819090366363525,-1.3460570573806763,0.0,29.75926399230957,30.89511489868164,9949600
0.334529846906662,-1.346228003501892,4.0,-1.410431981086731,-2.4221301078796387,9959200
0.4512909948825836,-1.3468310832977295,4.0,2.5517561435699463,1.6562161445617676,9970400
0.07807160168886185,-1.3472747802734375,0.0,-7.919095516204834,-9.188299179077148,9980800
0.16098617017269135,-1.3474305868148804,0.0,-3.5376334190368652,-4.7240777015686035,9991200
0.05542585253715515,-1.3476635217666626,0.25,-3.4852256774902344,-4.777463436126709,10003200
