baseline_loss,entropy_loss,mean_episode_return,pg_loss,total_loss,frame
7.236488342285156,-0.13318213820457458,0.0,-5.661479473114014,1.4418267011642456,1600
107.70301055908203,-2.8501418114501575e-07,0.0,5.902621978748357e-06,107.70301818847656,7200
10.232264518737793,-0.00020650491933338344,0.0,0.0004527517012320459,10.232510566711426,16800
27.062171936035156,-0.005119806621223688,0.0,0.6177157759666443,27.674768447875977,27200
3.5584421157836914,-0.021409522742033005,0.0,0.0206754170358181,3.5577080249786377,36800
4.110317230224609,-0.31954172253608704,0.0,0.593198835849762,4.383974075317383,47200
0.3683964014053345,-0.977440595626831,0.0,-0.3058573603630066,-0.9149015545845032,57600
0.09058470278978348,-1.126080870628357,0.0,2.7426233291625977,1.7071272134780884,67200
0.5695335268974304,-1.0176461935043335,5.5,-3.219329595565796,-3.6674423217773438,77600
5.61283540725708,-0.6878673434257507,0.0,-14.902289390563965,-9.977320671081543,88000
0.27524781227111816,-0.8556221723556519,0.0,2.6705527305603027,2.0901784896850586,97600
0.15065030753612518,-1.0129061937332153,0.0,0.5677525401115417,-0.2945033311843872,107200
0.3726968467235565,-1.0032590627670288,0.0,0.11372685432434082,-0.5168353319168091,117600
0.35828718543052673,-1.1707249879837036,2.75,1.3500665426254272,0.5376287698745728,127200
0.09812208265066147,-1.2100512981414795,0.0,1.2639402151107788,0.15201103687286377,137600
0.08401420712471008,-1.2323005199432373,0.0,0.6971755623817444,-0.45111072063446045,147200
0.1524139791727066,-1.2780399322509766,0.0,-1.1646555662155151,-2.2902815341949463,157600
0.1296682506799698,-1.2687344551086426,0.0,1.1678022146224976,0.028735995292663574,168000
0.2159898728132248,-1.2720646858215332,1.0,-2.4325766563415527,-3.4886515140533447,177600
0.1497507095336914,-1.2916630506515503,0.0,-0.10189245641231537,-1.2438048124313354,187200
0.10656522959470749,-1.2755213975906372,0.0,-0.8961009383201599,-2.0650570392608643,197600
0.18256939947605133,-1.2530964612960815,0.0,-0.2802017629146576,-1.3507288694381714,208000
0.06361272186040878,-1.3160277605056763,0.0,-0.5551109313964844,-1.8075259923934937,217600
0.18832474946975708,-1.289458155632019,0.0,1.6295218467712402,0.5283883810043335,228000
0.35359638929367065,-1.3133562803268433,0.0,5.996606826782227,5.03684663772583,238400
0.04770101606845856,-1.3242346048355103,0.0,-2.495718240737915,-3.772251605987549,248000
0.03234127163887024,-1.334912896156311,0.0,0.14509041607379913,-1.1574811935424805,257600
0.09292905777692795,-1.3132842779159546,0.0,-2.4494755268096924,-3.669830799102783,268000
0.26626232266426086,-1.3283746242523193,0.0,-15.50229263305664,-16.56440544128418,277600
0.08561812341213226,-1.3124686479568481,0.0,-3.347956895828247,-4.574807643890381,287200
0.18290777504444122,-1.3025524616241455,0.0,-0.8563863039016724,-1.9760310649871826,296800
0.023999672383069992,-1.3311519622802734,0.0,1.0176169872283936,-0.2895352840423584,306400
0.015504603274166584,-1.3402247428894043,0.0,1.818636417388916,0.49391627311706543,316800
0.03351886197924614,-1.3311282396316528,0.0,-0.06985689699649811,-1.3674663305282593,327200
0.015707939863204956,-1.3392314910888672,0.0,-0.41224172711372375,-1.7357652187347412,337600
0.008671914227306843,-1.3412925004959106,0.0,-1.1931493282318115,-2.5257699489593506,348000
0.044831473380327225,-1.3445605039596558,0.0,-4.490678310394287,-5.790407657623291,358400
0.02696889266371727,-1.3447377681732178,0.0,-2.6062397956848145,-3.92400860786438,368000
0.956157922744751,-1.3459330797195435,5.5,13.896059036254883,13.5062837600708,378400
0.022907990962266922,-1.3322248458862305,0.0,-0.49340030550956726,-1.8027172088623047,388000
0.11368158459663391,-1.3315823078155518,0.0,-2.2081995010375977,-3.426100254058838,396800
0.013463434763252735,-1.3469892740249634,0.0,-0.8438124060630798,-2.177338123321533,406400
0.18137943744659424,-1.3343781232833862,0.5,1.7129071950912476,0.5599085092544556,416000
0.013174612075090408,-1.3384037017822266,0.5,0.6802999973297119,-0.6449291110038757,427200
0.2370016723871231,-1.3308560848236084,0.0,1.6248008012771606,0.5309463739395142,436800
0.01885022409260273,-1.3255149126052856,0.0,-4.308106899261475,-5.614771366119385,446400
0.009718874469399452,-1.33795166015625,0.0,-0.04896216467022896,-1.3771950006484985,456800
0.5415729880332947,-1.33785080909729,0.0,4.594971179962158,3.7986934185028076,467200
0.047141723334789276,-1.3333027362823486,1.0,-5.697559356689453,-6.983720779418945,476800
0.004971125163137913,-1.3418313264846802,0.0,-1.5493162870407104,-2.886176586151123,487200
0.01489568967372179,-1.3441131114959717,0.0,-3.1698837280273438,-4.499101161956787,496800
0.7694641351699829,-1.3407593965530396,11.5,15.568351745605469,14.99705696105957,506400
0.29681116342544556,-1.3441920280456543,0.0,5.410637855529785,4.363256931304932,516800
0.08974750339984894,-1.3424372673034668,0.5,-0.29415589570999146,-1.5468456745147705,526400
0.006906435359269381,-1.3372074365615845,0.0,-0.3484322130680084,-1.678733229637146,536000
0.003448661882430315,-1.3419151306152344,0.0,-1.8829032182693481,-3.221369743347168,545600
0.262982577085495,-1.341354489326477,11.0,4.568329811096191,3.489957809448242,555200
0.03713736683130264,-1.3291072845458984,0.0,-5.297590732574463,-6.589560508728027,564800
0.24652577936649323,-1.3341317176818848,0.5,5.24027681350708,4.152670860290527,575200
0.00138401472941041,-1.3387081623077393,0.0,-0.17324258387088776,-1.5105667114257812,585600
0.0010249166516587138,-1.3402509689331055,0.5,0.06744284182786942,-1.2717832326889038,596000
0.1613163948059082,-1.3434879779815674,5.5,1.7951407432556152,0.612969160079956,605600
0.3807855248451233,-1.341709852218628,0.3333333432674408,4.108059406280518,3.147135019302368,616000
0.003368949983268976,-1.3413904905319214,1.0,0.004073453135788441,-1.3339481353759766,626400
0.009878448210656643,-1.3427965641021729,1.0,-1.8497631549835205,-3.1826813220977783,636000
0.6598986983299255,-1.3456013202667236,0.0,7.944769859313965,7.259067535400391,646400
0.7185364365577698,-1.3477534055709839,0.3333333432674408,4.7149338722229,4.085716724395752,656000
0.7073787450790405,-1.3450995683670044,3.6666667461395264,12.11174201965332,11.474020957946777,666400
0.48234811425209045,-1.3466770648956299,3.25,9.615260124206543,8.750931739807129,676000
0.0060933795757591724,-1.3465120792388916,0.3333333432674408,-0.7660164833068848,-2.1064352989196777,685600
0.48218834400177,-1.3476797342300415,0.6666666865348816,-2.4670379161834717,-3.332529306411743,696000
0.5540135502815247,-1.347535490989685,3.6666667461395264,7.5968708992004395,6.803349018096924,706400
0.04568609595298767,-1.3452695608139038,0.5,-8.654489517211914,-9.954072952270508,716000
0.0014997654361650348,-1.3455827236175537,0.0,-0.13639727234840393,-1.4804801940917969,725600
0.0024412376806139946,-1.3443782329559326,1.0,-1.2090970277786255,-2.5510339736938477,736800
0.000965097569860518,-1.3464069366455078,0.0,-0.635262668132782,-1.9807045459747314,747200
0.6508914232254028,-1.3473321199417114,0.0,7.139596939086914,6.4431562423706055,756800
0.0008504920406267047,-1.345875859260559,0.0,-0.8559918999671936,-2.201017379760742,767200
0.0004872177087236196,-1.3482317924499512,0.0,0.13238807022571564,-1.215356469154358,777600
0.0007341344025917351,-1.3498655557632446,0.0,-0.866410493850708,-2.2155418395996094,788000
0.003426948096603155,-1.3482404947280884,0.6666666865348816,-0.14345701038837433,-1.4882705211639404,797600
0.05812281742691994,-1.3481625318527222,0.0,-11.212223052978516,-12.502263069152832,808000
0.061467353254556656,-1.3488317728042603,0.0,-11.132003784179688,-12.419368743896484,818400
0.02181539125740528,-1.3485630750656128,0.25,-5.958357334136963,-7.285105228424072,828800
0.0003136421146336943,-1.3496136665344238,0.0,-0.18844720721244812,-1.5377472639083862,839200
0.000999003415927291,-1.349419116973877,0.0,-0.39782899618148804,-1.7462490797042847,848800
0.46550601720809937,-1.3509031534194946,0.0,7.047333717346191,6.1619367599487305,859200
0.4279576539993286,-1.350685715675354,11.0,7.91903018951416,6.996302127838135,868800
0.0017992868088185787,-1.3512797355651855,0.0,0.7888138890266418,-0.560666561126709,879200
0.0029503991827368736,-1.3482186794281006,0.0,-0.525948703289032,-1.8712170124053955,888800
0.0024566890206187963,-1.348615050315857,1.0,-1.4757397174835205,-2.8218979835510254,899200
0.018133195117115974,-1.3505908250808716,0.0,-6.372875690460205,-7.705333232879639,909600
0.009105204604566097,-1.3501490354537964,0.0,-4.202062129974365,-5.5431060791015625,920000
0.00022969952260609716,-1.350241780281067,0.0,0.0017877150094136596,-1.348224401473999,930400
0.003966696094721556,-1.3496882915496826,0.0,-2.8981142044067383,-4.24383544921875,940800
0.4108356237411499,-1.3502317667007446,0.25,7.756979942321777,6.8175835609436035,951200
0.017399394884705544,-1.3484344482421875,0.0,-0.13595496118068695,-1.4669899940490723,960800
0.015361323952674866,-1.3454670906066895,0.0,-5.0096845626831055,-6.339790344238281,971200
0.00040325967711396515,-1.344760537147522,0.0,-0.7252184748649597,-2.069575786590576,980800
0.3968450725078583,-1.3433942794799805,0.0,5.31173849105835,4.365189075469971,991200
0.0006959870806895196,-1.342911958694458,0.0,-0.39042216539382935,-1.7326381206512451,1002400
0.49305689334869385,-1.342980146408081,0.0,5.12748384475708,4.277560234069824,1012000
0.005111576523631811,-1.344382405281067,0.0,-2.9624009132385254,-4.301671504974365,1021600
0.5743414163589478,-1.3474643230438232,1.5,10.42234992980957,9.649227142333984,1032800
0.0009734210907481611,-1.3476418256759644,0.0,-0.5404325127601624,-1.8871009349822998,1042400
0.42946499586105347,-1.3468475341796875,0.25,-3.9092793464660645,-4.826662063598633,1052800
0.3205810487270355,-1.342726469039917,3.6666667461395264,0.7643126249313354,-0.25783276557922363,1062400
0.19951723515987396,-1.339626431465149,2.75,0.1179826632142067,-1.02212655544281,1072800
0.03240928798913956,-1.3430967330932617,0.0,-8.061274528503418,-9.37196159362793,1082400
0.0961419865489006,-1.3375295400619507,0.0,1.3333240747451782,0.09193646907806396,1092800
0.0009782317792996764,-1.3429734706878662,0.0,-1.3396937847137451,-2.6816890239715576,1102400
0.23030167818069458,-1.3410704135894775,0.0,-0.34340551495552063,-1.454174280166626,1112800
0.048395995050668716,-1.3427314758300781,0.0,-9.384413719177246,-10.678749084472656,1123200
0.005029160063713789,-1.3422338962554932,0.0,-2.9282867908477783,-4.265491485595703,1132800
6.364341243170202e-05,-1.342726469039917,0.3333333432674408,-0.33656415343284607,-1.6792269945144653,1142400
0.41060152649879456,-1.3416450023651123,0.0,2.0327513217926025,1.101707935333252,1152800
0.0019735025707632303,-1.3411589860916138,0.0,-1.8841731548309326,-3.223358631134033,1162400
0.0024859528057277203,-1.3428820371627808,0.0,-2.486999988555908,-3.8273959159851074,1172800
0.4022926688194275,-1.3426769971847534,2.75,4.554981231689453,3.6145968437194824,1182400
0.0026104343123733997,-1.3398984670639038,0.0,-2.574829339981079,-3.9121174812316895,1192000
0.01791067235171795,-1.3409712314605713,0.0,-6.457725524902344,-7.780786514282227,1202400
0.005023628938943148,-1.3408936262130737,1.0,-3.4776113033294678,-4.813481330871582,1212800
0.010815982706844807,-1.341233491897583,0.0,-4.701254367828369,-6.031671524047852,1222400
0.0011618472635746002,-1.3400862216949463,0.20000000298023224,-1.5073070526123047,-2.846231460571289,1233600
0.5000422596931458,-1.3406766653060913,0.0,-3.3992698192596436,-4.239904403686523,1243200
0.033537257462739944,-1.339532732963562,0.0,-8.787874221801758,-10.093870162963867,1253600
0.33639204502105713,-1.3389652967453003,3.6666667461395264,2.283198118209839,1.2806249856948853,1264000
5.9992988099111244e-05,-1.3383312225341797,0.0,-0.0809110626578331,-1.419182300567627,1274400
0.01252945140004158,-1.3402979373931885,0.0,-5.179699897766113,-6.507468223571777,1284800
0.0007400526665151119,-1.3395347595214844,1.0,-0.6198118329048157,-1.958606481552124,1294400
0.47432640194892883,-1.3400187492370605,4.0,6.43397855758667,5.568286418914795,1304800
0.18658535182476044,-1.3364673852920532,5.5,1.8682341575622559,0.718352198600769,1314400
1.2638189792633057,-1.3376035690307617,2.75,17.836687088012695,17.762901306152344,1324800
0.009397928602993488,-1.3388118743896484,0.0,-4.17641544342041,-5.505829334259033,1335200
0.004948349203914404,-1.3388270139694214,0.0,-1.5916553735733032,-2.9255340099334717,1345600
0.004035254940390587,-1.3417855501174927,2.0,-2.9739749431610107,-4.31172513961792,1355200
0.2845098376274109,-1.3424276113510132,0.0,-3.781536340713501,-4.839454174041748,1364800
0.005879564676433802,-1.340517282485962,0.0,-3.3149375915527344,-4.649575233459473,1375200
0.4638921618461609,-1.3397752046585083,2.200000047683716,-4.234406471252441,-5.110289573669434,1385600
0.30370694398880005,-1.3437491655349731,0.0,-0.9625866413116455,-2.002628803253174,1395200
0.011884337291121483,-1.3433352708816528,0.0,-4.8585896492004395,-6.190040588378906,1405600
0.005470284726470709,-1.3453412055969238,0.5,-3.3707892894744873,-4.710659980773926,1415200
0.23502156138420105,-1.3466578722000122,3.0,3.2302675247192383,2.118631362915039,1425600
0.021474219858646393,-1.348146915435791,0.0,-6.953954219818115,-8.28062629699707,1436000
0.21615535020828247,-1.3464215993881226,0.0,0.4532047510147095,-0.6770614981651306,1445600
0.002465667435899377,-1.3472628593444824,0.0,-2.485675096511841,-3.830472230911255,1456000
0.004380155820399523,-1.3472404479980469,0.0,-2.9906938076019287,-4.333554267883301,1466400
0.030718425288796425,-1.347194790840149,0.0,-8.230124473571777,-9.546600341796875,1476800
0.666483461856842,-1.3456225395202637,5.5,8.649764060974121,7.970625400543213,1487200
0.39709147810935974,-1.3433988094329834,3.0,-7.151841640472412,-8.098149299621582,1496800
0.44678619503974915,-1.3434818983078003,4.0,6.270881652832031,5.374186038970947,1507200
0.13618242740631104,-1.347047209739685,1.0,-0.4814274311065674,-1.6922922134399414,1517600
0.004373159259557724,-1.3475478887557983,0.0,-2.9445409774780273,-4.287715911865234,1528000
0.28533753752708435,-1.3486241102218628,4.0,4.356963157653809,3.2936763763427734,1537600
0.00013635322102345526,-1.3496472835540771,0.0,-0.536995530128479,-1.88650643825531,1548000
0.40722107887268066,-1.349669337272644,0.0,4.04691743850708,3.1044692993164062,1558400
0.0005011985776945949,-1.3509576320648193,0.0,-1.0215492248535156,-2.3720057010650635,1568800
0.5683184862136841,-1.3504313230514526,0.5,5.978728771209717,5.196615695953369,1579200
0.018238071352243423,-1.3467379808425903,0.0,-5.901548862457275,-7.230048656463623,1588800
0.49771472811698914,-1.3481206893920898,0.0,3.047672748565674,2.1972668170928955,1599200
0.0003932423423975706,-1.34754478931427,0.0,-0.7808930277824402,-2.128044605255127,1608800
0.009805424138903618,-1.347883939743042,0.3333333432674408,-4.439060688018799,-5.777139663696289,1619200
0.6502992510795593,-1.3480156660079956,3.0,9.44198226928711,8.74426555633545,1629600
0.04030410572886467,-1.3467121124267578,0.0,-9.107010841369629,-10.413418769836426,1639200
0.024399807676672935,-1.3475703001022339,1.0,-7.461208820343018,-8.784379005432129,1649600
0.479269415140152,-1.3476197719573975,0.5,8.371336936950684,7.502985954284668,1660000
0.6516321301460266,-1.3485385179519653,0.6666666865348816,8.075162887573242,7.378256797790527,1670400
0.544957160949707,-1.3488616943359375,0.0,10.654707908630371,9.85080337524414,1680000
3.8143865822348744e-05,-1.34773588180542,0.5,-0.28266361355781555,-1.6303613185882568,1690400
0.3707776665687561,-1.3485217094421387,5.5,-0.6047326922416687,-1.5824767351150513,1700000
0.0006579282344318926,-1.3477277755737305,0.0,-1.1046063899993896,-2.451676368713379,1710400
0.02163834311068058,-1.3472061157226562,0.0,-6.613851070404053,-7.939418792724609,1719200
0.3274989724159241,-1.3470014333724976,4.0,1.8310247659683228,0.811522364616394,1729600
0.0012484012404456735,-1.3477801084518433,0.0,-1.667522668838501,-3.014054298400879,1740000
0.0005599424475803971,-1.34637451171875,0.0,-1.0736472606658936,-2.419461727142334,1749600
0.9514185190200806,-1.346599817276001,0.0,14.31906795501709,13.923887252807617,1759200
0.009171349927783012,-1.3468151092529297,0.0,-4.253904342651367,-5.591547966003418,1769600
0.0042817662470042706,-1.3472087383270264,0.0,-2.559288501739502,-3.9022154808044434,1779200
3.229829599149525e-05,-1.3476983308792114,0.0,-0.24374666810035706,-1.5914126634597778,1789600
0.43661415576934814,-1.3372923135757446,1.5,5.967088222503662,5.066410064697266,1800000
0.013617665506899357,-1.3479080200195312,1.0,-5.516626358032227,-6.850916862487793,1810400
0.44067513942718506,-1.3481324911117554,0.5,9.223368644714355,8.315911293029785,1820800
0.0003996585728600621,-1.3482091426849365,0.3333333432674408,-0.8592576384544373,-2.2070670127868652,1831200
0.6013057231903076,-1.3484772443771362,0.0,9.243794441223145,8.496623039245605,1840800
0.002470726612955332,-1.34717857837677,0.0,-2.2615714073181152,-3.6062793731689453,1851200
0.0004470238054636866,-1.3465158939361572,0.0,-0.9491205811500549,-2.295189380645752,1861600
0.013309993781149387,-1.3457919359207153,0.0,-5.596663475036621,-6.929145336151123,1871200
0.24486857652664185,-1.3452129364013672,0.4000000059604645,-0.91117262840271,-2.01151704788208,1881600
0.5070827007293701,-1.343072533607483,2.0,4.063665866851807,3.2276759147644043,1892000
0.0068274252116680145,-1.3361212015151978,0.0,-1.9070630073547363,-3.236356735229492,1902400
0.009525093249976635,-1.3460551500320435,0.0,-4.669238090515137,-6.005767822265625,1912800
0.34133464097976685,-1.311643362045288,3.6666667461395264,4.201035022735596,3.230726480484009,1923200
0.5519121289253235,-1.3444693088531494,6.0,4.432011127471924,3.6394541263580322,1933600
0.007396854925900698,-1.3452215194702148,0.0,-3.867901086807251,-5.20572566986084,1943200
0.005580998957157135,-1.3450356721878052,0.0,-3.3521924018859863,-4.691647052764893,1953600
0.0034216544590890408,-1.3476066589355469,0.0,-2.924799919128418,-4.268984794616699,1964000
0.007950953207910061,-1.3480334281921387,1.0,-4.254123210906982,-5.594205856323242,1974400
0.4364243447780609,-1.34833824634552,0.0,1.8435732126235962,0.9316593408584595,1984800
0.00331818382255733,-1.3489638566970825,0.0,-2.8740737438201904,-4.219719409942627,1994400
0.002999518532305956,-1.3473284244537354,0.6666666865348816,-2.4373726844787598,-3.7817015647888184,2004800
0.007066511083394289,-1.347503662109375,0.0,-4.148822784423828,-5.489259719848633,2015200
0.5391568541526794,-1.3477282524108887,5.5,5.318015098571777,4.509443759918213,2024800
0.29664328694343567,-1.3452813625335693,2.75,2.6322364807128906,1.5835983753204346,2035200
0.2913059592247009,-1.3443334102630615,5.5,3.8152835369110107,2.762255907058716,2045600
0.6109632849693298,-1.3442622423171997,0.0,6.81178092956543,6.078482151031494,2055200
0.0037179344799369574,-1.3442821502685547,0.0,-2.7282798290252686,-4.068843841552734,2064800
0.08888667821884155,-1.3438148498535156,0.5,-10.540915489196777,-11.795844078063965,2076000
0.4059961438179016,-1.3467720746994019,4.0,4.203330039978027,3.262554168701172,2086400
0.010444206185638905,-1.3471860885620117,0.0,-4.668717384338379,-6.005459308624268,2096000
0.0018295078771188855,-1.347099781036377,0.0,-2.1420295238494873,-3.487299680709839,2106400
0.0036464419681578875,-1.347391963005066,0.0,-2.806056261062622,-4.149801731109619,2117600
0.01154238823801279,-1.3483325242996216,0.0,-5.373239040374756,-6.710029125213623,2127200
0.5017108917236328,-1.348523736000061,0.0,7.525546073913574,6.6787333488464355,2137600
0.02458364889025688,-1.348158359527588,0.0,-6.983493804931641,-8.30706787109375,2148000
0.6464213728904724,-1.348685383796692,0.0,10.550712585449219,9.848448753356934,2158400
0.0005312884459272027,-1.3493839502334595,0.0,-1.0749388933181763,-2.4237914085388184,2168800
1.2186509370803833,-1.3494787216186523,4.400000095367432,12.56733512878418,12.436507225036621,2179200
0.516149640083313,-1.3497283458709717,0.0,6.719515323638916,5.885936737060547,2188800
0.8181699514389038,-1.3501616716384888,1.0,10.421886444091797,9.889894485473633,2199200
0.0005971466307528317,-1.3502715826034546,0.0,-1.1740494966506958,-2.52372407913208,2208800
0.00045897753443568945,-1.3503875732421875,0.0,-0.8609771132469177,-2.2109057903289795,2218400
0.00018643519433680922,-1.3500933647155762,0.0,-0.6277941465377808,-1.9777010679244995,2228800
0.7661967277526855,-1.3499430418014526,0.0,5.931874752044678,5.348128318786621,2238400
0.005599828436970711,-1.3490569591522217,0.0,-3.314142942428589,-4.657600402832031,2248000
0.0029125376604497433,-1.3496867418289185,0.0,-2.580815076828003,-3.9275894165039062,2258400
0.012654162012040615,-1.3499934673309326,0.0,-5.305238723754883,-6.642578125,2268000
0.0075796665623784065,-1.3489118814468384,0.0,-4.364554405212402,-5.705886363983154,2278400
0.32692286372184753,-1.3499577045440674,5.5,-5.349533557891846,-6.372568130493164,2288800
0.011096651665866375,-1.3505343198776245,1.0,-4.898859024047852,-6.238296985626221,2298400
0.009256524965167046,-1.3507075309753418,0.0,-4.377150535583496,-5.718601703643799,2308800
0.0031709244940429926,-1.3514877557754517,0.0,-2.8149983882904053,-4.163315296173096,2319200
0.04004508629441261,-1.3517673015594482,0.0,-9.180054664611816,-10.491777420043945,2329600
0.000322643929393962,-1.35142982006073,0.0,-0.8286057710647583,-2.179713010787964,2340000
0.38113871216773987,-1.3517491817474365,0.25,-1.3442646265029907,-2.3148751258850098,2349600
0.0006807678728364408,-1.350412368774414,0.0,-1.3129676580429077,-2.6626992225646973,2360800
0.009209047071635723,-1.3498088121414185,0.0,-4.386437892913818,-5.72703742980957,2370400
0.004353636410087347,-1.35015869140625,0.0,-2.999293804168701,-4.345098972320557,2380800
0.0032876338809728622,-1.3495616912841797,0.0,-2.7227766513824463,-4.0690507888793945,2391200
0.7503827810287476,-1.3503615856170654,0.0,9.30221939086914,8.702239990234375,2400800
0.014118180610239506,-1.3505940437316895,0.0,-5.400012969970703,-6.7364888191223145,2410400
0.0029655222315341234,-1.3499300479888916,0.3333333432674408,-2.5115115642547607,-3.858476161956787,2420800
0.01935986801981926,-1.3497581481933594,0.0,-6.391936779022217,-7.722334861755371,2431200
0.06149894371628761,-1.34999680519104,0.0,-1.8300821781158447,-3.118579864501953,2440800
0.0037648319266736507,-1.3492599725723267,0.5,-2.778594732284546,-4.12408971786499,2451200
1.2171199321746826,-1.3491222858428955,6.0,21.307748794555664,21.175745010375977,2461600
0.6483169794082642,-1.3491543531417847,0.0,3.6099138259887695,2.90907621383667,2472000
1.939558982849121,-1.34935462474823,7.333333492279053,31.02994728088379,31.62015151977539,2481600
0.2215120941400528,-1.34828782081604,2.200000047683716,-0.0664578303694725,-1.1932334899902344,2492000
0.51871657371521,-1.3488943576812744,1.8571428060531616,6.576574325561523,5.746397018432617,2502400
0.6476609110832214,-1.3489513397216797,0.5,7.514183044433594,6.812892913818359,2512000
0.001816640025936067,-1.341637134552002,0.0,0.44834762811660767,-0.8914728760719299,2523200
0.001132685923948884,-1.3491156101226807,0.0,-1.5789546966552734,-2.9269375801086426,2532800
0.030956251546740532,-1.3488656282424927,0.0,-8.004514694213867,-9.322423934936523,2543200
0.01724928244948387,-1.3493248224258423,0.0,-6.5846734046936035,-7.916749000549316,2553600
0.006625402718782425,-1.3497791290283203,0.0,-4.105506896972656,-5.448660850524902,2564000
0.16722699999809265,-1.3495776653289795,0.20000000298023224,-0.3610421121120453,-1.5433927774429321,2574400
0.561264157295227,-1.349822998046875,0.5,3.48030948638916,2.6917505264282227,2584800
0.01741873286664486,-1.3497216701507568,0.0,-6.241205215454102,-7.573508262634277,2594400
1.427333116531372,-1.3494908809661865,3.0,12.240192413330078,12.318034172058105,2604800
0.03571056202054024,-1.3479526042938232,0.125,-8.579541206359863,-9.891783714294434,2615200
0.6665350794792175,-1.3476917743682861,0.0,8.788945198059082,8.107789039611816,2624800
0.5072066187858582,-1.347399115562439,0.0,6.976362705230713,6.136169910430908,2635200
0.5777816772460938,-1.3474433422088623,0.0,1.1901378631591797,0.42047619819641113,2645600
0.61221843957901,-1.3466063737869263,0.0,9.40100383758545,8.666616439819336,2655200
0.0022771749645471573,-1.34663724899292,0.6666666865348816,-2.1499290466308594,-3.4942891597747803,2664800
0.4581146240234375,-1.3447418212890625,3.6666667461395264,3.605435848236084,2.718808650970459,2675200
0.0032061319798231125,-1.3437625169754028,0.0,-2.633002758026123,-3.9735593795776367,2684800
0.22843657433986664,-1.3437167406082153,0.0,-2.522376537322998,-3.6376566886901855,2695200
0.02356545813381672,-1.3438618183135986,0.0,-7.0251054763793945,-8.345401763916016,2705600
0.000796110718511045,-1.3443049192428589,0.5,-1.3325308561325073,-2.676039695739746,2716000
0.009640597738325596,-1.3451248407363892,0.0,-4.515042781829834,-5.850526809692383,2726400
0.6328367590904236,-1.345519781112671,2.4000000953674316,4.413317680358887,3.700634717941284,2736800
0.00957683939486742,-1.3446826934814453,0.0,-4.456480503082275,-5.791586399078369,2746400
0.02018790692090988,-1.3452153205871582,0.0,-6.406389236450195,-7.731416702270508,2756800
0.018575109541416168,-1.3457785844802856,0.0,-6.463616847991943,-7.790820121765137,2768000
0.008631987497210503,-1.346601963043213,0.0,-4.29908561706543,-5.637055397033691,2778400
0.004537754692137241,-1.3458199501037598,0.0,-3.319552421569824,-4.660834312438965,2788000
0.01349092647433281,-1.3457136154174805,0.0,-5.227403163909912,-6.559625625610352,2798400
0.6522740125656128,-1.3455685377120972,0.3333333432674408,3.722693681716919,3.0293989181518555,2808800
0.012703628279268742,-1.3450040817260742,0.0,-5.674704551696777,-7.007005214691162,2819200
1.978639006614685,-1.345649242401123,0.0,10.114458084106445,10.747447967529297,2829600
0.5382357239723206,-1.34389066696167,0.0,3.0749638080596924,2.2693088054656982,2839200
0.6926517486572266,-1.342012882232666,0.0,3.6748077869415283,3.0254464149475098,2849600
0.01429267879575491,-1.341751217842102,0.3333333432674408,-5.495646953582764,-6.823105335235596,2860000
0.0024004492443054914,-1.3430073261260986,0.0,-2.399463653564453,-3.7400705814361572,2870400
0.006061142310500145,-1.3432872295379639,0.0,-3.5502572059631348,-4.887483596801758,2880800
0.49042877554893494,-1.3442171812057495,0.0,3.3826053142547607,2.5288166999816895,2890400
0.012525265105068684,-1.344727635383606,0.0,-5.122692108154297,-6.454894542694092,2900800
0.006938769482076168,-1.3464502096176147,0.0,-3.8845956325531006,-5.224107265472412,2910400
0.48865804076194763,-1.34636390209198,0.0,-0.4235636293888092,-1.2812695503234863,2920800
0.7547132968902588,-1.3476507663726807,0.0,7.803153991699219,7.210216522216797,2931200
0.0029562171548604965,-1.347961664199829,0.0,-2.498145341873169,-3.8431508541107178,2941600
1.2174890041351318,-1.3487801551818848,6.0,19.524185180664062,19.392894744873047,2952000
0.4227718114852905,-1.3467479944229126,11.0,-2.490483522415161,-3.414459705352783,2962400
0.6656449437141418,-1.3449733257293701,3.6666667461395264,3.912043333053589,3.232714891433716,2972000
0.017979318276047707,-1.3448905944824219,1.0,-6.4477362632751465,-7.7746477127075195,2983200
0.019592665135860443,-1.3442745208740234,0.3333333432674408,-6.286745548248291,-7.611427307128906,2992800
0.04875538870692253,-1.3459134101867676,5.5,-6.963926315307617,-8.26108455657959,3003200
0.013439200818538666,-1.3478643894195557,0.0,-5.733331203460693,-7.067756652832031,3013600
0.045442450791597366,-1.3474608659744263,0.0,-9.754352569580078,-11.056370735168457,3024000
0.003593087662011385,-1.3468416929244995,0.0,-2.692601442337036,-4.0358500480651855,3034400
0.030785001814365387,-1.345636248588562,1.0,-8.012463569641113,-9.327314376831055,3044800
0.6904096007347107,-1.346305251121521,0.0,3.5592072010040283,2.903311252593994,3055200
0.01045258343219757,-1.3471952676773071,0.0,-4.808444023132324,-6.145186424255371,3065600
0.004154543858021498,-1.3469053506851196,0.0,-2.921560764312744,-4.264311790466309,3076000
0.007553348317742348,-1.3472579717636108,0.3333333432674408,-3.941681146621704,-5.281385898590088,3085600
0.012528992258012295,-1.3473010063171387,0.5,-5.156581401824951,-6.491353511810303,3096000
0.6013010144233704,-1.3476897478103638,3.6666667461395264,5.2795281410217285,4.533139705657959,3105600
0.006265873555094004,-1.347287893295288,0.0,-3.729228973388672,-5.070250988006592,3116000
0.6021355986595154,-1.3475136756896973,0.0,2.3463213443756104,1.6009433269500732,3126400
0.005749135743826628,-1.347346305847168,0.0,-3.7546753883361816,-5.0962724685668945,3136800
0.6862454414367676,-1.347321629524231,3.6666667461395264,5.0200700759887695,4.358994007110596,3146400
0.00608452782034874,-1.347042202949524,0.0,-3.608137845993042,-4.949095726013184,3157600
0.009241622872650623,-1.3467384576797485,0.0,-4.512751579284668,-5.850248336791992,3167200
2.4568772315979004,-1.3463698625564575,3.0,19.28291130065918,20.393417358398438,3176800
0.6531633138656616,-1.3471990823745728,0.3333333432674408,5.579542636871338,4.885507106781006,3186400
0.5799389481544495,-1.3461257219314575,2.75,1.8145790100097656,1.0483921766281128,3196800
0.6789209246635437,-1.345679759979248,3.6666667461395264,6.204823970794678,5.538064956665039,3206400
0.37909549474716187,-1.3455556631088257,0.3333333432674408,-5.137032508850098,-6.103492736816406,3216800
1.0985924005508423,-1.3446770906448364,4.0,14.972081184387207,14.725996017456055,3227200
0.7892268896102905,-1.346239447593689,6.0,8.061253547668457,7.5042405128479,3236800
0.25438863039016724,-1.3457924127578735,5.5,-0.08189308643341064,-1.1732969284057617,3246400
0.024224085733294487,-1.346763253211975,0.5,-7.19914436340332,-8.521683692932129,3256800
0.007379709742963314,-1.3462437391281128,0.0,-3.875338554382324,-5.214202404022217,3266400
0.6176283955574036,-1.3451061248779297,2.0,5.387903690338135,4.660426139831543,3276800
0.011118815280497074,-1.3462743759155273,0.0,-4.821340560913086,-6.156496047973633,3287200
0.0022568488493561745,-1.3460787534713745,0.0,-2.3113672733306885,-3.655189037322998,3296800
0.7862182855606079,-1.3461467027664185,0.0,3.9551892280578613,3.395260810852051,3306400
0.008118130266666412,-1.3466687202453613,0.0,-4.234550476074219,-5.573101043701172,3316800
0.9314429759979248,-1.347427487373352,6.0,7.30156135559082,6.885577201843262,3327200
0.013427063822746277,-1.3485136032104492,0.0,-5.264612197875977,-6.599698543548584,3337600
0.006744657177478075,-1.3487110137939453,0.0,-4.079243183135986,-5.421209335327148,3347200
0.3315899968147278,-1.348488688468933,5.5,0.003718919586390257,-1.0131797790527344,3356800
0.02992265671491623,-1.347148060798645,0.0,-7.8474907875061035,-9.164716720581055,3367200
0.03471709415316582,-1.3476372957229614,0.0,-8.534933090209961,-9.84785270690918,3377600
0.009375163353979588,-1.3476585149765015,0.0,-4.555877685546875,-5.894161224365234,3388000
0.5765773057937622,-1.34661865234375,2.75,-2.672348976135254,-3.4423904418945312,3398400
0.02829946205019951,-1.3468815088272095,0.0,-7.642770290374756,-8.961352348327637,3408000
0.021290188655257225,-1.3467439413070679,0.0,-6.692056179046631,-8.017509460449219,3416800
0.005633258260786533,-1.3469319343566895,1.0,-3.483067274093628,-4.824365615844727,3427200
0.6474003195762634,-1.3471800088882446,0.0,4.558547496795654,3.8587679862976074,3437600
0.009111949242651463,-1.3474833965301514,0.0,-4.377303600311279,-5.715675354003906,3447200
0.8116174340248108,-1.3477537631988525,2.75,12.726841926574707,12.190706253051758,3457600
0.007023775018751621,-1.348654866218567,0.0,-3.901177167892456,-5.2428083419799805,3468000
0.005078653804957867,-1.348863959312439,0.3333333432674408,-3.298656463623047,-4.642441749572754,3477600
0.33104047179222107,-1.34889817237854,0.0,0.8885621428489685,-0.12929558753967285,3488000
0.00805907417088747,-1.347299337387085,0.0,-4.077859878540039,-5.417099952697754,3498400
0.013205393217504025,-1.3479315042495728,0.0,-5.6885600090026855,-7.023285865783691,3508800
0.4138789474964142,-1.3471996784210205,1.0,3.236605644226074,2.3032848834991455,3519200
0.0340532585978508,-1.346039056777954,0.5,-8.23278522491455,-9.544771194458008,3528800
0.002741909585893154,-1.3457372188568115,0.0,-2.350447416305542,-3.6934428215026855,3539200
0.006983653176575899,-1.3463207483291626,0.0,-3.9558398723602295,-5.295176982879639,3549600
0.7842233180999756,-1.3462493419647217,0.0,7.414854526519775,6.852828025817871,3559200
0.007126727141439915,-1.34610915184021,0.0,-3.7465169429779053,-5.085499286651611,3569600
0.01947389356791973,-1.3481000661849976,0.0,-6.337830066680908,-7.66645622253418,3580000
0.004188817925751209,-1.3480985164642334,0.0,-3.0756232738494873,-4.419532775878906,3588800
0.03412352129817009,-1.3485108613967896,0.0,-9.155182838439941,-10.46957015991211,3599200
0.011332825757563114,-1.3480602502822876,0.0,-4.996622562408447,-6.333349704742432,3608800
1.239630103111267,-1.3490885496139526,11.0,15.23639965057373,15.126941680908203,3618400
0.0025543849915266037,-1.349538803100586,0.0,-2.5066263675689697,-3.8536107540130615,3628800
0.08967035263776779,-1.3499153852462769,5.5,-3.812570810317993,-5.072815895080566,3638400
0.009191910736262798,-1.349532127380371,0.0,-4.360794544219971,-5.70113468170166,3648000
0.007391607854515314,-1.3504635095596313,0.0,-4.164311408996582,-5.507383346557617,3656800
0.26859015226364136,-1.3499703407287598,3.6666667461395264,-5.4034037590026855,-6.484784126281738,3668000
0.007715220097452402,-1.3502044677734375,0.0,-4.060556411743164,-5.403045654296875,3677600
0.003980702254921198,-1.3493714332580566,0.0,-3.1263253688812256,-4.471715927124023,3687200
0.0022395215928554535,-1.3495036363601685,0.0,-2.34812331199646,-3.695387363433838,3697600
1.2768176794052124,-1.3492951393127441,5.5,15.115177154541016,15.042699813842773,3707200
0.0014260961906984448,-1.3487915992736816,0.0,-1.8683604001998901,-3.215725898742676,3717600
0.0033840311225503683,-1.348693609237671,0.0,-2.774447202682495,-4.119756698608398,3727200
0.010782275348901749,-1.3486394882202148,0.0,-4.833651542663574,-6.1715087890625,3737600
0.8020108938217163,-1.3489161729812622,0.0,6.685360431671143,6.138455390930176,3747200
0.8162943720817566,-1.348694920539856,0.0,6.702394485473633,6.169993877410889,3756800
0.868246853351593,-1.3491393327713013,11.0,10.243021965026855,9.762129783630371,3767200
0.525121808052063,-1.3475559949874878,0.0,0.6309484839439392,-0.19148576259613037,3776800
0.031048167496919632,-1.3487193584442139,0.0,-8.533221244812012,-9.850893020629883,3787200
1.4195934534072876,-1.3489681482315063,0.6666666865348816,21.26145362854004,21.33207893371582,3797600
0.04016253724694252,-1.3491657972335815,0.5,-9.100631713867188,-10.409635543823242,3808000
0.5323152542114258,-1.3490594625473022,0.0,3.932248115539551,3.1155037879943848,3817600
0.008953733369708061,-1.349286675453186,0.0,-4.665751934051514,-6.00608491897583,3828000
0.01753021776676178,-1.3495904207229614,0.0,-6.185800552368164,-7.517860412597656,3837600
0.009698254987597466,-1.3494378328323364,0.0,-4.573471546173096,-5.913210868835449,3848000
0.01265835203230381,-1.3493212461471558,0.0,-5.257806301116943,-6.5944695472717285,3858400
0.01624090038239956,-1.349361538887024,1.0,-6.1048173904418945,-7.4379377365112305,3868000
0.03746553137898445,-1.3498016595840454,5.5,-4.080018997192383,-5.392354965209961,3878400
0.23814541101455688,-1.349843144416809,0.0,-0.3792679011821747,-1.4909656047821045,3888800
0.03168568015098572,-1.3490116596221924,0.0,-7.969573974609375,-9.28689956665039,3899200
0.7345505356788635,-1.3487125635147095,0.0,3.441300392150879,2.8271384239196777,3908800
0.032172344624996185,-1.3485217094421387,0.5,-8.208033561706543,-9.524383544921875,3919200
0.5890385508537292,-1.3482493162155151,3.6666667461395264,4.020355701446533,3.2611446380615234,3929600
0.002894879784435034,-1.3491435050964355,0.0,-2.4396376609802246,-3.785886287689209,3940000
0.35636964440345764,-1.3491489887237549,2.75,-1.0263028144836426,-2.0190820693969727,3950400
0.9741668105125427,-1.3493375778198242,0.0,10.229682922363281,9.854512214660645,3960000
0.5310145020484924,-1.34886634349823,5.5,2.936206340789795,2.118354320526123,3970400
0.005865158513188362,-1.3486058712005615,0.0,-3.6340458393096924,-4.9767866134643555,3980800
0.004213843494653702,-1.3483963012695312,0.0,-3.2027697563171387,-4.546952247619629,3991200
0.0006206629914231598,-1.3485511541366577,0.0,-1.1901227235794067,-2.538053274154663,4001600
0.007304833270609379,-1.3486436605453491,0.0,-4.051158905029297,-5.392498016357422,4012000
0.8672370910644531,-1.3485275506973267,3.6666667461395264,10.288455963134766,9.807165145874023,4021600
0.9729587435722351,-1.348225712776184,0.0,15.28992748260498,14.914660453796387,4032000
0.7896113991737366,-1.3487557172775269,0.0,10.372480392456055,9.813336372375488,4041600
0.0007003560313023627,-1.3483978509902954,0.0,-1.3258612155914307,-2.6735587120056152,4052000
0.018568886443972588,-1.3479526042938232,0.0,-6.391022205352783,-7.720405578613281,4061600
0.023098746314644814,-1.348319411277771,0.0,-5.30873966217041,-6.633960247039795,4071200
3.6157801151275635,-1.3482236862182617,0.5,28.433202743530273,30.700759887695312,4081600
0.015797559171915054,-1.3472033739089966,0.5,-5.887664794921875,-7.2190704345703125,4091200
0.001006865524686873,-1.346925139427185,0.3333333432674408,-1.4862933158874512,-2.832211494445801,4101600
0.19774508476257324,-1.3479522466659546,1.0,-2.359192371368408,-3.5093994140625,4111200
0.4750962555408478,-1.3469003438949585,11.0,3.6490731239318848,2.777268886566162,4121600
0.0018699609208852053,-1.3467565774917603,0.0,-1.9423352479934692,-3.287221908569336,4132000
0.011424730531871319,-1.3462594747543335,0.0,-5.192041873931885,-6.526876926422119,4141600
0.02378680557012558,-1.3462313413619995,0.5,-7.098309516906738,-8.420753479003906,4152000
0.7232134938240051,-1.3454471826553345,0.3333333432674408,6.643194198608398,6.020960807800293,4161600
0.7872658967971802,-1.346034049987793,5.5,10.3121976852417,9.753429412841797,4172000
0.028914185240864754,-1.3465408086776733,0.0,-7.759531497955322,-9.077157974243164,4181600
0.0055274926126003265,-1.346943736076355,0.0,-3.6536567211151123,-4.995072841644287,4191200
0.009984738193452358,-1.3467469215393066,0.0,-4.889685153961182,-6.226447105407715,4200800
0.0018428302137181163,-1.3468170166015625,0.0,-2.044187307357788,-3.3891615867614746,4211200
0.5334438681602478,-1.3478741645812988,0.25,4.555089473724365,3.740659236907959,4220800
1.758783221244812,-1.3481733798980713,0.0,22.997602462768555,23.408212661743164,4231200
0.008831556886434555,-1.3480749130249023,0.0,-4.366061210632324,-5.7053046226501465,4241600
0.012721497565507889,-1.3476613759994507,0.0,-5.247760772705078,-6.582700729370117,4251200
0.007465962320566177,-1.347407341003418,0.0,-4.281170845031738,-5.62111234664917,4261600
0.3303776681423187,-1.3463647365570068,0.125,-13.653923034667969,-14.669910430908203,4272000
0.35633179545402527,-1.3459643125534058,0.25,-4.755560874938965,-5.7451934814453125,4282400
0.014939366839826107,-1.3446080684661865,0.0,-5.6092529296875,-6.938921928405762,4292800
0.5313485264778137,-1.3436791896820068,1.0,-1.42914879322052,-2.2414793968200684,4303200
0.010489816777408123,-1.3431392908096313,0.0,-4.646670341491699,-5.9793195724487305,4312800
0.5775113105773926,-1.3444262742996216,2.4000000953674316,0.616689145565033,-0.15022575855255127,4324000
0.01327874418348074,-1.3403671979904175,0.5,-5.141538143157959,-6.468626499176025,4333600
0.3511117696762085,-1.3449561595916748,0.0,0.6007296442985535,-0.39311474561691284,4344000
0.02290992997586727,-1.3463906049728394,0.0,-7.282088279724121,-8.605568885803223,4354400
0.7346740365028381,-1.3449467420578003,0.0,6.043173789978027,5.432900905609131,4364000
0.6159603595733643,-1.3388222455978394,11.0,9.33328628540039,8.610424041748047,4374400
0.015083756297826767,-1.3450655937194824,0.0,-5.717801094055176,-7.047782897949219,4384000
0.7294592261314392,-1.3462334871292114,0.0,10.544960975646973,9.928186416625977,4394400
0.013493076898157597,-1.3466545343399048,0.0,-5.391448974609375,-6.724610328674316,4404000
0.012734910473227501,-1.3468514680862427,0.0,-5.176427841186523,-6.510544300079346,4414400
0.010828692466020584,-1.347156047821045,0.0,-4.8079142570495605,-6.144241809844971,4424000
0.020825745537877083,-1.3471112251281738,0.0,-6.969696521759033,-8.295982360839844,4434400
1.250515341758728,-1.3481462001800537,0.0,17.661094665527344,17.56346321105957,4444800
0.033999767154455185,-1.3482656478881836,0.0,-8.412497520446777,-9.726763725280762,4454400
0.2817380130290985,-1.3480345010757446,11.0,-0.39590737223625183,-1.462203860282898,4464800
0.587844967842102,-1.34844172000885,0.0,1.7253475189208984,0.9647506475448608,4475200
0.007153300102800131,-1.3483922481536865,0.0,-3.922780990600586,-5.264019966125488,4485600
0.002489295322448015,-1.3486692905426025,0.0,-2.3170952796936035,-3.6632752418518066,4496000
0.0007275888929143548,-1.348912000656128,0.0,-1.3096023797988892,-2.6577868461608887,4506400
0.8367837071418762,-1.3487564325332642,0.0,11.417000770568848,10.905027389526367,4516000
0.01532252598553896,-1.3488084077835083,0.0,-5.770016670227051,-7.10350227355957,4526400
0.007639109157025814,-1.3489336967468262,0.0,-4.270591735839844,-5.611886501312256,4536000
0.015025189146399498,-1.3484705686569214,0.0,-5.729963779449463,-7.063409328460693,4546400
0.016401752829551697,-1.349407434463501,0.0,-6.315740585327148,-7.648746490478516,4556800
3.1659438610076904,-1.349318504333496,0.5,17.819055557250977,19.63568115234375,4566400
0.4860421121120453,-1.348991870880127,2.200000047683716,1.9048035144805908,1.041853666305542,4576800
0.029713423922657967,-1.349123477935791,0.0,-7.92974328994751,-9.249153137207031,4586400
0.4346420168876648,-1.3489059209823608,0.5,2.3456785678863525,1.4314147233963013,4596800
0.02124214917421341,-1.3486149311065674,0.0,-6.830977916717529,-8.158350944519043,4606400
0.004595150239765644,-1.3480024337768555,1.0,-3.1272060871124268,-4.470613479614258,4616800
0.0044177197851240635,-1.3479390144348145,0.0,-3.0498270988464355,-4.393348693847656,4627200
0.640302300453186,-1.3483202457427979,2.5999999046325684,2.8512351512908936,2.1432173252105713,4636800
0.006769879255443811,-1.349487066268921,0.0,-3.8855297565460205,-5.228246688842773,4646400
0.025720521807670593,-1.3504575490951538,0.0,-7.597096920013428,-8.921833992004395,4656800
0.006858857348561287,-1.350786566734314,0.0,-4.082234859466553,-5.4261627197265625,4667200
0.03295416757464409,-1.3509594202041626,3.0,-2.417232036590576,-3.7352371215820312,4677600
0.007125238422304392,-1.350838541984558,0.3333333432674408,-3.8456461429595947,-5.189359664916992,4686400
0.008468368090689182,-1.3507168292999268,0.0,-4.373669624328613,-5.71591854095459,4696800
0.012482588179409504,-1.3505351543426514,0.5,-5.034887790679932,-6.3729400634765625,4707200
0.014913377352058887,-1.3502013683319092,0.0,-5.648867607116699,-6.984155654907227,4717600
0.01744133047759533,-1.3498259782791138,0.0,-6.109079360961914,-7.441463947296143,4727200
0.03340121731162071,-1.3499248027801514,0.0,-2.4224019050598145,-3.7389254570007324,4737600
0.006963975261896849,-1.3503886461257935,0.0,-4.146442890167236,-5.489867210388184,4748000
0.28702735900878906,-1.3503649234771729,0.0,-1.117158055305481,-2.1804957389831543,4756800
0.02364140935242176,-1.3504817485809326,1.0,-7.10497522354126,-8.431815147399902,4767200
0.9821709394454956,-1.3507376909255981,0.0,10.85578727722168,10.487220764160156,4777600
1.308183193206787,-1.3507626056671143,5.5,21.39570426940918,21.353124618530273,4787200
0.014934969134628773,-1.3509403467178345,0.5,-5.685037136077881,-7.021042346954346,4797600
0.009263528510928154,-1.3507909774780273,0.0,-4.742253303527832,-6.083780765533447,4808000
0.0009625796228647232,-1.3508671522140503,0.0,-1.5313583612442017,-2.88126277923584,4817600
0.18762515485286713,-1.350782871246338,3.0,-3.3174264430999756,-4.480584144592285,4828000
0.2981342077255249,-1.3509873151779175,0.5,-2.722574234008789,-3.7754273414611816,4837600
2.2272846698760986,-1.3508753776550293,0.0,37.03497314453125,37.911380767822266,4847200
0.012466157786548138,-1.350909948348999,0.0,-5.498355865478516,-6.836799621582031,4857600
0.008059377782046795,-1.3510574102401733,0.0,-4.417609214782715,-5.7606072425842285,4868000
0.010675733909010887,-1.350278615951538,0.0,-4.852439880371094,-6.192042350769043,4878400
0.4051080048084259,-1.3510584831237793,0.0,-0.9891663789749146,-1.9351168870925903,4888000
1.6235156059265137,-1.3508578538894653,0.0,23.55899429321289,23.83165168762207,4898400
0.6320850253105164,-1.351077675819397,2.75,0.8358369469642639,0.1168442964553833,4907200
0.009634049609303474,-1.350843071937561,0.0,-4.559167861938477,-5.900376796722412,4917600
0.023061083629727364,-1.3512831926345825,0.0,-7.141599655151367,-8.46982192993164,4927200
0.005484071560204029,-1.3513476848602295,0.0,-3.630746603012085,-4.97661018371582,4937600
0.6629176139831543,-1.3513096570968628,0.3333333432674408,4.988985061645508,4.30059289932251,4948000
0.01769922859966755,-1.3512463569641113,0.0,-6.286534309387207,-7.620081424713135,4957600
0.017185499891638756,-1.3513206243515015,0.0,-6.461032390594482,-7.795167446136475,4968000
0.34406599402427673,-1.3512248992919922,5.5,-0.35442355275154114,-1.3615825176239014,4978400
0.00905533879995346,-1.3511070013046265,0.0,-4.410817623138428,-5.752869606018066,4988000
0.024177642539143562,-1.350911259651184,1.0,-7.329524040222168,-8.656257629394531,4997600
0.8812549114227295,-1.3510137796401978,0.0,9.678842544555664,9.209083557128906,5008000
0.009257453493773937,-1.3509842157363892,0.5,-4.414044380187988,-5.755771160125732,5018400
0.0026344102807343006,-1.3507609367370605,0.0,-2.4780240058898926,-3.826150417327881,5028000
0.03375020623207092,-1.350412130355835,0.0,-8.73263931274414,-10.049301147460938,5038400
0.2040294110774994,-1.3503408432006836,0.0,-4.420111656188965,-5.566422939300537,5048000
0.7831199169158936,-1.3500875234603882,0.0,3.9860169887542725,3.4190492630004883,5057600
0.00704546831548214,-1.3504688739776611,1.0,-3.913276195526123,-5.256699562072754,5068000
1.4063857793807983,-1.350504755973816,0.0,20.404903411865234,20.460784912109375,5077600
0.005803168751299381,-1.350764274597168,0.0,-3.7396843433380127,-5.0846452713012695,5087200
0.018370458856225014,-1.3507272005081177,0.0,-6.689003944396973,-8.021360397338867,5097600
0.011289727874100208,-1.3507022857666016,0.0,-4.954909324645996,-6.2943220138549805,5107200
0.01795080117881298,-1.3507251739501953,0.0,-6.134254455566406,-7.467028617858887,5117600
0.009581447578966618,-1.3510596752166748,0.0,-4.653841972351074,-5.9953203201293945,5127200
0.016070453450083733,-1.3510106801986694,0.0,-5.8819580078125,-7.216898441314697,5137600
0.8578452467918396,-1.3513586521148682,12.0,10.877318382263184,10.383805274963379,5147200
0.5235663652420044,-1.351128101348877,0.0,0.9798305630683899,0.1522688865661621,5157600
0.00913686491549015,-1.3511136770248413,0.0,-4.464621067047119,-5.80659818649292,5168000
0.7742422819137573,-1.3506503105163574,0.0,7.081850051879883,6.505442142486572,5178400
0.00260184146463871,-1.350960612297058,0.0,-2.4063806533813477,-3.754739284515381,5188000
0.009575044736266136,-1.3510600328445435,0.0,-4.5227742195129395,-5.864259243011475,5198400
0.006615332793444395,-1.3511106967926025,0.0,-3.8074092864990234,-5.151904582977295,5208800
0.012280245311558247,-1.3510246276855469,0.0,-5.326592445373535,-6.665336608886719,5218400
0.35211631655693054,-1.3511779308319092,0.0,-1.5537445545196533,-2.5528061389923096,5228800
0.010306360200047493,-1.3509206771850586,0.0,-4.772785663604736,-6.113399982452393,5238400
0.003205591579899192,-1.3510208129882812,0.0,-2.623014450073242,-3.970829725265503,5248000
0.005781433079391718,-1.35112464427948,0.5,-3.5340280532836914,-4.879371166229248,5257600
0.5529066920280457,-1.351286768913269,0.0,1.6835578680038452,0.885177731513977,5268000
1.7166680097579956,-1.351202368736267,3.6666667461395264,23.229555130004883,23.595020294189453,5278400
0.28487110137939453,-1.3512835502624512,2.75,-2.0054166316986084,-3.071829080581665,5288800
1.4662216901779175,-1.3513946533203125,3.0,16.35697364807129,16.471799850463867,5299200
0.8112180233001709,-1.3515671491622925,0.0,9.130025863647461,8.589676856994629,5309600
0.5699707865715027,-1.351524829864502,4.0,2.549130916595459,1.7675769329071045,5320000
0.010736816562712193,-1.351558804512024,0.0,-4.744874954223633,-6.085696697235107,5329600
0.008588933385908604,-1.3514888286590576,0.0,-4.40643310546875,-5.749333381652832,5340000
1.4080414772033691,-1.3516350984573364,0.6666666865348816,15.800929069519043,15.857336044311523,5350400
1.025666356086731,-1.3513989448547363,1.0,12.884673118591309,12.558940887451172,5360800
0.008976568467915058,-1.3512524366378784,0.0,-4.382002353668213,-5.724278450012207,5370400
1.3772279024124146,-1.3511396646499634,0.0,16.501859664916992,16.5279483795166,5380000
0.028161533176898956,-1.3512829542160034,0.0,-7.700652599334717,-9.023774147033691,5390400
1.4859294891357422,-1.3514328002929688,11.0,19.47756576538086,19.612062454223633,5400800
2.4703471660614014,-1.351452350616455,1.0,14.885518074035645,16.004413604736328,5410400
0.010010619647800922,-1.351287841796875,0.0,-4.943825721740723,-6.285102844238281,5421600
1.0198335647583008,-1.351264476776123,0.0,13.316549301147461,12.985118865966797,5431200
0.9670801758766174,-1.3511075973510742,0.0,10.875466346740723,10.491438865661621,5441600
0.4437922239303589,-1.3508917093276978,0.0,-2.975221872329712,-3.882321357727051,5452000
0.023607967421412468,-1.3507591485977173,0.0,-7.197988033294678,-8.525139808654785,5461600
0.42785608768463135,-1.3500044345855713,5.5,2.5319883823394775,1.6098401546478271,5472000
0.8041069507598877,-1.3501951694488525,1.0,8.107955932617188,7.561867713928223,5482400
0.991593062877655,-1.3499658107757568,0.0,11.065492630004883,10.707119941711426,5492000
0.013516418635845184,-1.350049614906311,0.0,-5.706181049346924,-7.0427141189575195,5501600
0.46109965443611145,-1.3502863645553589,0.20000000298023224,-3.600837230682373,-4.490024089813232,5512000
0.03240041062235832,-1.3502739667892456,0.0,-8.841133117675781,-10.15900707244873,5522400
0.5125648975372314,-1.3501349687576294,3.0,-1.1911051273345947,-2.028675079345703,5532800
0.01918451115489006,-1.349899411201477,0.0,-6.3025970458984375,-7.633311748504639,5542400
0.011991999112069607,-1.3497859239578247,0.5,-5.114990711212158,-6.452784538269043,5552800
0.0038836488965898752,-1.3498351573944092,0.0,-2.985668897628784,-4.331620216369629,5562400
1.7770291566848755,-1.3494616746902466,0.4285714328289032,23.424135208129883,23.851701736450195,5572800
1.7220567464828491,-1.3426234722137451,5.5,26.23941421508789,26.61884880065918,5582400
0.02709629386663437,-1.348806381225586,0.0,-7.509047508239746,-8.830757141113281,5592000
0.4898653030395508,-1.3481687307357788,0.0,2.001457691192627,1.143154263496399,5601600
0.5697993040084839,-1.348007321357727,0.5,5.001758575439453,4.223550796508789,5612000
0.854447603225708,-1.3483085632324219,3.6666667461395264,9.175029754638672,8.681168556213379,5622400
0.7448397874832153,-1.3487571477890015,3.0,7.348627090454102,6.744709491729736,5632000
0.011670113541185856,-1.3489876985549927,0.0,-5.251610279083252,-6.588927745819092,5641600
0.005437843967229128,-1.3491109609603882,0.3333333432674408,-3.3988723754882812,-4.7425456047058105,5651200
0.007604481652379036,-1.348738431930542,0.0,-4.273900032043457,-5.615034103393555,5660000
0.0049939462915062904,-1.3486616611480713,0.0,-3.2598953247070312,-4.60356330871582,5669600
0.006448146887123585,-1.3482465744018555,0.0,-3.947341203689575,-5.289139747619629,5679200
0.17225196957588196,-1.3483723402023315,5.5,-5.568368434906006,-6.744488716125488,5688800
0.015797212719917297,-1.3482199907302856,0.5,-5.734181880950928,-7.0666046142578125,5699200
0.02277328632771969,-1.3480536937713623,0.0,-7.055813789367676,-8.381093978881836,5709600
0.9614786505699158,-1.3479737043380737,3.6666667461395264,12.365882873535156,11.979387283325195,5720000
0.9560003280639648,-1.3480690717697144,0.0,12.420315742492676,12.028246879577637,5729600
0.0052328044548630714,-1.348139762878418,0.5,-3.3694305419921875,-4.712337493896484,5740000
0.008399644866585732,-1.3482215404510498,0.0,-4.463254928588867,-5.80307674407959,5750400
1.1121127605438232,-1.3484470844268799,12.0,12.310741424560547,12.074407577514648,5760800
1.9580806493759155,-1.348135232925415,0.0,27.254287719726562,27.864233016967773,5771200
1.368790864944458,-1.3483331203460693,5.5,14.721274375915527,14.741731643676758,5780800
0.04499391093850136,-1.3483995199203491,0.0,-9.630555152893066,-10.9339599609375,5791200
0.7212690114974976,-1.3486682176589966,0.0,7.731143474578857,7.1037445068359375,5801600
0.013821149244904518,-1.348694920539856,0.0,-5.75081729888916,-7.085690975189209,5811200
0.02867768704891205,-1.3484508991241455,0.0,-8.278145790100098,-9.597918510437012,5821600
0.016287969425320625,-1.3488929271697998,0.0,-6.287777900695801,-7.620383262634277,5832000
1.7211041450500488,-1.3488584756851196,0.0,18.51837730407715,18.890623092651367,5842400
0.762474536895752,-1.3482643365859985,0.3333333432674408,2.242619752883911,1.6568299531936646,5852000
0.5957995653152466,-1.34791898727417,2.0,1.2003910541534424,0.44827163219451904,5862400
0.025937756523489952,-1.348474383354187,0.0,-7.359530448913574,-8.682066917419434,5872800
0.013113211840391159,-1.3483365774154663,0.0,-5.453173637390137,-6.788397312164307,5883200
0.007312850560992956,-1.348479151725769,0.0,-4.21266508102417,-5.553831577301025,5892800
0.4759056568145752,-1.3487873077392578,0.5,2.322842836380005,1.4499611854553223,5901600
0.0134771429002285,-1.348425269126892,0.0,-5.341536521911621,-6.67648458480835,5911200
1.4299734830856323,-1.3483531475067139,0.5,17.33580780029297,17.417428970336914,5921600
0.3708663582801819,-1.347981572151184,11.0,-2.208136558532715,-3.1852517127990723,5932000
0.0105361919850111,-1.348238468170166,0.0,-5.001437187194824,-6.339139461517334,5942400
0.6363487839698792,-1.3487900495529175,3.6666667461395264,3.334188461303711,2.6217470169067383,5952000
1.3650317192077637,-1.348846197128296,0.3333333432674408,14.292588233947754,14.308773040771484,5962400
0.01671878807246685,-1.3490592241287231,0.0,-6.200738430023193,-7.533078670501709,5972000
0.020516779273748398,-1.3491485118865967,0.0,-7.05581521987915,-8.38444709777832,5982400
0.02954171784222126,-1.3492603302001953,0.25,-7.726059913635254,-9.045778274536133,5992800
0.7981253862380981,-1.3492182493209839,5.5,5.608634948730469,5.057541847229004,6002400
0.014982483349740505,-1.349395513534546,0.0,-5.978801727294922,-7.313214302062988,6012000
1.7170839309692383,-1.3493542671203613,0.0,17.694841384887695,18.062572479248047,6022400
0.8453359603881836,-1.349124550819397,0.0,5.850788116455078,5.346999645233154,6032800
0.01786200702190399,-1.3491641283035278,0.0,-6.075231552124023,-7.406533718109131,6042400
0.01448635570704937,-1.3491265773773193,0.0,-5.44481086730957,-6.779451370239258,6052000
0.7122988104820251,-1.3492618799209595,6.0,7.273159027099609,6.636196136474609,6062400
0.012097053229808807,-1.3488960266113281,0.0,-5.162930011749268,-6.499729156494141,6072800
0.006883497815579176,-1.3487188816070557,0.0,-4.071061611175537,-5.412897109985352,6082400
1.0159447193145752,-1.3489121198654175,4.333333492279053,9.500245094299316,9.167277336120605,6092000
0.965477705001831,-1.3489670753479004,0.0,12.181694984436035,11.798206329345703,6102400
1.3990225791931152,-1.3490893840789795,4.714285850524902,16.209264755249023,16.259199142456055,6112000
0.015056366100907326,-1.3492770195007324,0.0,-5.568498611450195,-6.902719497680664,6122400
0.014536448754370213,-1.3490540981292725,0.0,-5.575060844421387,-6.909578323364258,6132000
0.0020830153953284025,-1.3490240573883057,0.0,-2.218803644180298,-3.565744638442993,6141600
0.010731610469520092,-1.3487640619277954,0.6666666865348816,-4.7361531257629395,-6.074185371398926,6152000
0.009227707982063293,-1.3486850261688232,0.0,-4.518377304077148,-5.857834815979004,6161600
2.3753769397735596,-1.3489588499069214,4.333333492279053,26.6697998046875,27.696218490600586,6172000
0.557371973991394,-1.348800778388977,1.0,0.5884616374969482,-0.20296716690063477,6181600
0.015446295961737633,-1.3490278720855713,1.0,-5.8107991218566895,-7.144380569458008,6192000
0.9570170640945435,-1.3487985134124756,0.0,11.540441513061523,11.148659706115723,6201600
0.009584345854818821,-1.348928689956665,0.0,-4.505965709686279,-5.845310211181641,6212000
0.008104875683784485,-1.3491079807281494,0.0,-4.131967544555664,-5.472970962524414,6220800
0.6174635887145996,-1.3492417335510254,0.0,5.681616306304932,4.949838161468506,6230400
0.011316587217152119,-1.349698781967163,0.0,-4.988735675811768,-6.327117919921875,6240800
0.007698338478803635,-1.3497499227523804,0.0,-4.0317301750183105,-5.373781681060791,6250400
0.0054031736217439175,-1.3494361639022827,0.0,-3.459681987762451,-4.803714752197266,6260800
0.2278183400630951,-1.3493809700012207,0.0,-3.5416789054870605,-4.663241386413574,6271200
0.009284166619181633,-1.3491953611373901,0.0,-4.518752098083496,-5.858663558959961,6280800
1.8151026964187622,-1.3492387533187866,2.75,24.601802825927734,25.06766700744629,6290400
0.010587815195322037,-1.3491039276123047,0.0,-5.011045455932617,-6.34956169128418,6300800
0.008240899071097374,-1.3490809202194214,1.0,-4.236579895019531,-5.577420234680176,6310400
0.014151329174637794,-1.3492671251296997,0.0,-5.467576503753662,-6.802692413330078,6320800
0.019154058769345284,-1.3494038581848145,0.0,-6.391509056091309,-7.721758842468262,6330400
0.5821768641471863,-1.3496142625808716,5.5,2.804058790206909,2.036621570587158,6340800
0.01067132968455553,-1.3493667840957642,0.0,-4.802928924560547,-6.141624450683594,6349600
1.4208853244781494,-1.349329948425293,0.0,15.870804786682129,15.942360877990723,6360000
0.00938814040273428,-1.3490617275238037,0.0,-4.470333099365234,-5.810007095336914,6369600
0.0056845759972929955,-1.3489270210266113,0.0,-3.699535846710205,-5.042778015136719,6379200
0.013991929590702057,-1.3491319417953491,0.0,-5.37846565246582,-6.713605880737305,6388800
0.006236403714865446,-1.349171757698059,0.0,-3.690702199935913,-5.033637523651123,6399200
1.2384607791900635,-1.3487900495529175,5.5,14.97243881225586,14.862109184265137,6409600
0.007125857286155224,-1.349157691001892,0.6666666865348816,-3.885664224624634,-5.227695941925049,6419200
0.011215021833777428,-1.3492540121078491,0.0,-5.188871383666992,-6.526910305023193,6429600
1.0454972982406616,-1.3488068580627441,11.0,10.689953804016113,10.38664436340332,6439200
0.011221532709896564,-1.3484344482421875,0.0,-4.841410160064697,-6.178623199462891,6448800
0.01592128537595272,-1.3484796285629272,0.0,-5.824394702911377,-7.15695333480835,6459200
0.012215995229780674,-1.3489696979522705,1.0,-5.182430267333984,-6.519184112548828,6469600
0.7424973249435425,-1.349078893661499,3.0,5.694864749908447,5.088283538818359,6479200
1.4186276197433472,-1.3488960266113281,3.6666667461395264,15.789265632629395,15.858997344970703,6489600
0.018201792612671852,-1.3487207889556885,0.6666666865348816,-6.139246940612793,-7.469765663146973,6499200
1.0846383571624756,-1.348540186882019,0.0,13.718914985656738,13.455013275146484,6509600
0.00789053738117218,-1.3486279249191284,0.0,-4.357372760772705,-5.698110103607178,6520000
0.01015843078494072,-1.349124550819397,0.0,-4.75726842880249,-6.096234321594238,6529600
0.5193995237350464,-1.3490537405014038,0.0,4.235793113708496,3.4061388969421387,6539200
0.010221174918115139,-1.3488409519195557,0.0,-4.637083053588867,-5.975703239440918,6549600
0.00421999441459775,-1.3491259813308716,1.0,-3.1091322898864746,-4.454038143157959,6560000
0.008512623608112335,-1.3490428924560547,1.0,-4.320964336395264,-5.661494731903076,6569600
0.012214120477437973,-1.3493831157684326,0.0,-5.273292064666748,-6.610461235046387,6580000
0.006563581991940737,-1.3488337993621826,0.0,-3.992201089859009,-5.334471225738525,6589600
0.0073476084508001804,-1.3488049507141113,0.0,-4.011613845825195,-5.353071212768555,6600000
0.008939048275351524,-1.3489741086959839,1.0,-4.390697956085205,-5.7307329177856445,6609600
0.006666446570307016,-1.348944067955017,0.0,-3.9696271419525146,-5.3119049072265625,6620000
0.011183621361851692,-1.3488627672195435,0.3333333432674408,-4.751519203186035,-6.089198112487793,6629600
0.02100830152630806,-1.348552942276001,0.0,-6.685694694519043,-8.013238906860352,6640000
0.9058311581611633,-1.3489234447479248,0.0,9.667055130004883,9.223962783813477,6650400
0.01826406456530094,-1.3489172458648682,1.0,-6.277859210968018,-7.608511924743652,6660000
1.474425196647644,-1.3489081859588623,5.5,18.49468231201172,18.62019920349121,6669600
0.014112139120697975,-1.3490458726882935,0.0,-5.549568176269531,-6.884501934051514,6680000
1.052870750427246,-1.349238395690918,0.0,9.963972091674805,9.667604446411133,6689600
0.9116222858428955,-1.3493638038635254,3.6666667461395264,10.35701847076416,9.91927719116211,6700000
0.00799800269305706,-1.349480390548706,0.0,-4.2999796867370605,-5.641462326049805,6710400
0.012261596508324146,-1.3496625423431396,0.0,-5.05975341796875,-6.397154808044434,6720000
0.01188182644546032,-1.3494905233383179,0.5,-5.010944843292236,-6.348553657531738,6729600
0.02135210856795311,-1.3494784832000732,0.0,-6.662906169891357,-7.991032600402832,6740000
0.7265788316726685,-1.3494737148284912,0.3333333432674408,5.312644004821777,4.689748764038086,6749600
0.866888701915741,-1.3490492105484009,2.75,9.800408363342285,9.31824779510498,6759200
0.010785949416458607,-1.3493664264678955,0.0,-4.8248138427734375,-6.163393974304199,6768800
0.43013450503349304,-1.3493266105651855,2.200000047683716,0.6667569875717163,-0.2524350881576538,6779200
0.00574817880988121,-1.3493043184280396,0.0,-3.5881712436676025,-4.931727409362793,6789600
0.8852047920227051,-1.3496202230453491,11.0,9.772401809692383,9.30798625946045,6800000
0.0056692687794566154,-1.3497401475906372,0.0,-3.6800334453582764,-5.024104118347168,6809600
0.021061502397060394,-1.3496043682098389,0.0,-6.567235946655273,-7.895778656005859,6820000
0.8098149299621582,-1.3495616912841797,0.0,5.560861110687256,5.021114349365234,6829600
0.03471476212143898,-1.3498092889785767,1.0,-8.713260650634766,-10.028355598449707,6840000
0.9140112996101379,-1.3497461080551147,2.75,8.324678421020508,7.888943195343018,6849600
0.8702833652496338,-1.3497954607009888,5.5,9.282079696655273,8.802567481994629,6860000
0.03408322110772133,-1.3496496677398682,0.0,-8.410714149475098,-9.726280212402344,6869600
1.7437249422073364,-1.349640965461731,5.75,23.203704833984375,23.597787857055664,6880000
0.03974315896630287,-1.3491289615631104,0.25,-8.814126968383789,-10.123512268066406,6889600
0.9828706979751587,-1.3492861986160278,0.0,8.099382400512695,7.732967376708984,6900000
0.7473688721656799,-1.3493010997772217,0.25,4.2127909660339355,3.610858678817749,6910400
0.008176551200449467,-1.349732518196106,0.0,-4.271512031555176,-5.613068103790283,6920000
0.49628180265426636,-1.349708080291748,3.6666667461395264,1.9598017930984497,1.1063754558563232,6930400
0.007978358305990696,-1.3496053218841553,0.0,-4.154921054840088,-5.496547698974609,6940000
0.8858817219734192,-1.3493610620498657,5.5,9.591547966003418,9.128067970275879,6950400
0.5826965570449829,-1.3493679761886597,0.3333333432674408,0.19266624748706818,-0.5740051865577698,6960800
0.8148544430732727,-1.3486292362213135,5.5,8.334665298461914,7.800890922546387,6971200
0.013877643272280693,-1.3488678932189941,0.0,-5.464662075042725,-6.799652099609375,6981600
0.013741579838097095,-1.3486826419830322,0.0,-5.317183494567871,-6.652124404907227,6992000
0.9752770662307739,-1.3484253883361816,11.0,10.193585395812988,9.820436477661133,7002400
1.0093470811843872,-1.3486214876174927,11.0,11.662398338317871,11.323123931884766,7011200
0.0095919044688344,-1.3486557006835938,0.0,-4.277910232543945,-5.616973876953125,7021600
0.5727298259735107,-1.3491857051849365,0.3333333432674408,3.1781346797943115,2.4016788005828857,7031200
0.01023864559829235,-1.3491442203521729,0.0,-4.586392402648926,-5.925297737121582,7041600
0.009419812820851803,-1.3492988348007202,0.0,-4.5179033279418945,-5.857782363891602,7050400
0.5991910099983215,-1.3491244316101074,5.5,3.5225777626037598,2.772644519805908,7060800
0.011465207673609257,-1.3494080305099487,0.0,-4.918614387512207,-6.256557464599609,7070400
0.014287606813013554,-1.3496650457382202,0.0,-5.439950466156006,-6.775328159332275,7080000
4.0623884201049805,-1.3498252630233765,0.0,62.189544677734375,64.90210723876953,7089600
0.02422567643225193,-1.3495866060256958,0.0,-7.1058735847473145,-8.431234359741211,7099200
0.9805313944816589,-1.3496066331863403,5.5,10.47744083404541,10.108366012573242,7108800
0.019605591893196106,-1.3497036695480347,0.0,-6.224787712097168,-7.5548858642578125,7119200
1.2728267908096313,-1.3498437404632568,4.0,14.401087760925293,14.324070930480957,7128800
0.00933582428842783,-1.349679708480835,0.0,-4.538928985595703,-5.8792724609375,7139200
0.8850216865539551,-1.3497213125228882,0.0,8.596179962158203,8.13148021697998,7149600
1.2361767292022705,-1.349704384803772,0.6666666865348816,13.243823051452637,13.130294799804688,7159200
0.01249932125210762,-1.3495017290115356,0.0,-5.473726272583008,-6.810728549957275,7169600
0.6672813296318054,-1.3494333028793335,2.75,4.867215633392334,4.185063362121582,7179200
0.02082289569079876,-1.349700689315796,0.5,-6.700595855712891,-8.029473304748535,7188800
0.8719500303268433,-1.3497333526611328,0.3333333432674408,6.057988166809082,5.580204963684082,7198400
0.011082558892667294,-1.3497211933135986,0.0,-4.872048854827881,-6.210687637329102,7208800
0.010145927779376507,-1.3495038747787476,0.0,-4.889719486236572,-6.229077339172363,7218400
2.3335819244384766,-1.3495837450027466,0.25,13.984503746032715,14.968501091003418,7228000
0.0143080810084939,-1.349302053451538,1.0,-5.55242395401001,-6.887417793273926,7237600
1.4427729845046997,-1.3491495847702026,11.0,16.144004821777344,16.237628936767578,7248000
0.028001859784126282,-1.3495959043502808,0.0,-7.667022705078125,-8.988616943359375,7258400
0.024357600137591362,-1.3494564294815063,0.0,-7.10785436630249,-8.432952880859375,7268000
0.023515868932008743,-1.349471092224121,0.0,-6.915647983551025,-8.24160385131836,7278400
0.9124893546104431,-1.3492592573165894,0.0,7.078399658203125,6.641629695892334,7288000
0.8904431462287903,-1.3492995500564575,6.5,9.28899097442627,8.830134391784668,7298400
0.05058108642697334,-1.3488638401031494,0.3333333432674408,-10.086909294128418,-11.385191917419434,7308000
0.020129390060901642,-1.3491641283035278,1.0,-6.539410591125488,-7.86844539642334,7318400
1.1382089853286743,-1.3490967750549316,0.5,13.505220413208008,13.294332504272461,7328800
2.161071300506592,-1.3490033149719238,11.0,33.21845245361328,34.030521392822266,7338400
0.014004937373101711,-1.3487532138824463,0.0,-5.7776336669921875,-7.112381935119629,7348800
0.014687622897326946,-1.348931908607483,0.0,-5.683548450469971,-7.017792701721191,7358400
0.9745175242424011,-1.3487054109573364,5.5,10.816784858703613,10.442597389221191,7368800
0.018039215356111526,-1.348474144935608,0.0,-6.120810508728027,-7.451245307922363,7379200
0.9047948718070984,-1.3487292528152466,5.5,10.046649932861328,9.602715492248535,7388800
0.6068950891494751,-1.349039077758789,3.25,0.03892366588115692,-0.7032203078269958,7399200
3.3681235313415527,-1.3488491773605347,4.599999904632568,31.9349422454834,33.95421600341797,7408800
0.01858634129166603,-1.3487918376922607,0.0,-6.549898147583008,-7.880104064941406,7419200
0.02081206440925598,-1.3488744497299194,1.0,-6.721315383911133,-8.04937744140625,7429600
0.00955384224653244,-1.3488515615463257,0.0,-4.662030220031738,-6.001327991485596,7439200
0.8484145998954773,-1.3488281965255737,0.0,8.018800735473633,7.5183868408203125,7448800
0.5794801115989685,-1.3483628034591675,0.0,1.7779864072799683,1.0091036558151245,7459200
1.2200804948806763,-1.3489936590194702,3.25,10.273628234863281,10.144715309143066,7469600
0.7046418786048889,-1.3487796783447266,1.0,0.5873162150382996,-0.056821584701538086,7479200
0.1614684760570526,-1.3485934734344482,2.200000047683716,-6.6699652671813965,-7.857089996337891,7488000
0.0339638888835907,-1.3486851453781128,0.0,-8.485881805419922,-9.800602912902832,7498400
0.018650881946086884,-1.3483270406723022,0.0,-6.5673065185546875,-7.896982669830322,7508000
0.5791213512420654,-1.3485565185546875,0.0,2.3504412174224854,1.5810060501098633,7518400
0.9672738909721375,-1.3486610651016235,11.0,11.27890396118164,10.897516250610352,7528000
2.2692596912384033,-1.3486382961273193,2.4000000953674316,16.526216506958008,17.44683837890625,7538400
0.013769633136689663,-1.3488008975982666,0.0,-5.687854766845703,-7.022886276245117,7548000
0.01829332672059536,-1.3486602306365967,0.0,-6.113297939300537,-7.44366455078125,7558400
0.008950523100793362,-1.3487515449523926,0.0,-4.553114414215088,-5.89291524887085,7568000
0.03556009382009506,-1.348097324371338,0.0,-8.797013282775879,-10.109550476074219,7578400
0.010473858565092087,-1.3481941223144531,0.0,-4.7790446281433105,-6.116765022277832,7588800
0.0019111803267151117,-1.3483463525772095,0.0,-1.977507472038269,-3.3239426612854004,7598400
1.8907016515731812,-1.3484371900558472,0.0,26.868396759033203,27.410661697387695,7608800
0.015650255605578423,-1.348494291305542,0.0,-5.726269721984863,-7.059113502502441,7618400
0.7958450317382812,-1.3489210605621338,3.0,1.9789329767227173,1.4258568286895752,7628000
1.0152064561843872,-1.3489052057266235,0.0,11.97800064086914,11.644301414489746,7637600
1.0735630989074707,-1.34840726852417,0.0,13.006023406982422,12.731178283691406,7647200
2.569509267807007,-1.348890781402588,0.0,23.69196319580078,24.912582397460938,7657600
0.015283666551113129,-1.3488998413085938,0.0,-5.615158557891846,-6.948774814605713,7667200
0.004667792934924364,-1.3486496210098267,0.0,-3.1440532207489014,-4.488035202026367,7676800
0.007565375417470932,-1.3484388589859009,0.0,-4.219198703765869,-5.56007194519043,7687200
1.8991156816482544,-1.3481611013412476,7.666666507720947,22.621206283569336,23.172161102294922,7696800
0.2405480593442917,-1.3478643894195557,0.25,-4.417575359344482,-5.5248918533325195,7705600
0.017244022339582443,-1.3480494022369385,0.0,-6.088502883911133,-7.419308662414551,7715200
0.02350054681301117,-1.3480358123779297,0.0,-7.108163356781006,-8.432699203491211,7724000
0.4573515057563782,-1.3481271266937256,0.0,-2.415264844894409,-3.3060405254364014,7734400
0.8298831582069397,-1.3479782342910767,6.0,7.444854736328125,6.926760196685791,7744000
0.026637686416506767,-1.3479478359222412,0.0,-7.440414905548096,-8.761725425720215,7754400
0.023484429344534874,-1.3476442098617554,0.0,-7.110837936401367,-8.43499755859375,7764800
1.3835011720657349,-1.3474833965301514,2.4000000953674316,17.044925689697266,17.080944061279297,7774400
1.2696772813796997,-1.3475139141082764,0.0,14.469676971435547,14.391839981079102,7784800
0.7504658699035645,-1.3475545644760132,4.0,5.053363800048828,4.45627498626709,7795200
0.5209370255470276,-1.3476946353912354,4.0,0.8717882037162781,0.04503059387207031,7804800
0.018872322514653206,-1.3475943803787231,1.0,-6.414709091186523,-7.743431091308594,7815200
0.6750118732452393,-1.3468191623687744,0.0,2.3033905029296875,1.6315832138061523,7824800
0.8234966993331909,-1.3473771810531616,0.0,4.36074161529541,3.8368611335754395,7835200
0.03396335989236832,-1.3459861278533936,0.0,-8.26341438293457,-9.575437545776367,7845600
0.20156516134738922,-1.347261905670166,0.0,-2.354188919067383,-3.4998855590820312,7855200
1.7466905117034912,-1.347352385520935,4.0,21.931594848632812,22.3309326171875,7865600
0.9927853345870972,-1.3474940061569214,0.0,10.13992977142334,9.785221099853516,7875200
1.8737218379974365,-1.3474781513214111,11.0,25.239707946777344,25.76595115661621,7884800
0.7128467559814453,-1.3479140996932983,3.6666667461395264,2.6279306411743164,1.9928632974624634,7894400
0.023518137633800507,-1.3477070331573486,0.0,-7.5424675941467285,-8.866656303405762,7904800
1.507120132446289,-1.3479444980621338,2.4000000953674316,13.128212928771973,13.287388801574707,7914400
0.01628674566745758,-1.3480966091156006,0.0,-6.074833393096924,-7.406642913818359,7924800
0.008326567709445953,-1.3479983806610107,0.0,-4.2398552894592285,-5.579526901245117,7934400
0.9324448108673096,-1.3481532335281372,0.0,9.381010055541992,8.965301513671875,7944800
0.038603562861680984,-1.3480939865112305,0.0,-9.052096366882324,-10.361586570739746,7954400
0.016104968264698982,-1.3475686311721802,0.0,-6.016785621643066,-7.3482489585876465,7964000
1.0943626165390015,-1.3479299545288086,0.0,12.39137077331543,12.137803077697754,7974400
0.01701965741813183,-1.348136305809021,0.0,-6.178086757659912,-7.5092034339904785,7984800
0.034089770168066025,-1.3481271266937256,0.0,-8.373180389404297,-9.687217712402344,7994400
0.021859334781765938,-1.3479108810424805,0.5,-6.928387641906738,-8.254439353942871,8004800
0.025268610566854477,-1.34787118434906,0.0,-7.294809818267822,-8.617412567138672,8014400
0.8603560328483582,-1.34781813621521,0.25,6.777026653289795,6.28956413269043,8024800
0.9201022982597351,-1.347808599472046,2.200000047683716,10.950136184692383,10.522429466247559,8035200
0.7466045618057251,-1.3478668928146362,11.0,5.379138469696045,4.777875900268555,8044800
0.03272368013858795,-1.347878336906433,0.0,-8.469961166381836,-9.785116195678711,8055200
0.9638746976852417,-1.34786057472229,11.0,9.945869445800781,9.561883926391602,8064800
0.02200094424188137,-1.3472946882247925,0.0,-6.771637439727783,-8.096931457519531,8076000
0.9845184087753296,-1.3482282161712646,6.0,10.589715003967285,10.226004600524902,8085600
1.423372745513916,-1.348116159439087,2.5999999046325684,13.377695083618164,13.452951431274414,8095200
0.015748750418424606,-1.3482224941253662,0.0,-6.010888576507568,-7.343361854553223,8104800
0.07201822102069855,-1.3481422662734985,0.0,-5.1822190284729,-6.458343029022217,8116000
0.024910761043429375,-1.3468677997589111,0.0,-7.063670635223389,-8.385627746582031,8125600
0.014034848660230637,-1.3477586507797241,0.3333333432674408,-5.469884872436523,-6.8036088943481445,8135200
1.7996503114700317,-1.3479533195495605,6.0,22.9859561920166,23.437652587890625,8144800
1.619710087776184,-1.3478820323944092,2.200000047683716,16.521604537963867,16.793434143066406,8155200
0.014516371302306652,-1.348031759262085,0.0,-5.627038478851318,-6.960554122924805,8164800
0.02060442604124546,-1.3480857610702515,0.3333333432674408,-6.627283573150635,-7.9547648429870605,8174400
0.015814639627933502,-1.3483811616897583,0.5,-5.981967449188232,-7.314533710479736,8184800
0.009896360337734222,-1.3481827974319458,0.0,-4.833139419555664,-6.171425819396973,8194400
0.013884836807847023,-1.3479477167129517,0.0,-5.316164016723633,-6.650226593017578,8204000
0.005746163427829742,-1.347768783569336,0.0,-3.502363681793213,-4.844386100769043,8214400
0.5261867046356201,-1.3478139638900757,5.5,3.340433359146118,2.518805980682373,8224000
0.0061205350793898106,-1.3478384017944336,0.0,-3.819777488708496,-5.161495208740234,8234400
0.011411786079406738,-1.3478442430496216,0.0,-4.845595836639404,-6.182028293609619,8244800
0.7550504207611084,-1.3477526903152466,11.0,6.271528720855713,5.678826332092285,8254400
0.48107680678367615,-1.3477745056152344,0.0,1.855313777923584,0.9886159896850586,8264800
0.010381217114627361,-1.3476197719573975,0.0,-4.750606536865234,-6.0878448486328125,8275200
0.007527522277086973,-1.3477325439453125,0.0,-4.204841136932373,-5.545046329498291,8284800
0.01283217128366232,-1.347626805305481,0.3333333432674408,-5.122613430023193,-6.4574079513549805,8294400
1.2146605253219604,-1.3477190732955933,3.142857074737549,13.836830139160156,13.703771591186523,8304000
0.6179907917976379,-1.3479719161987305,0.3333333432674408,2.859548568725586,2.1295673847198486,8315200
0.011195754632353783,-1.347933053970337,0.0,-5.1498894691467285,-6.486626625061035,8324800
0.5923320055007935,-1.347919225692749,0.0,3.3951563835144043,2.639569044113159,8334400
0.02937885746359825,-1.3477466106414795,0.3333333432674408,-7.7993035316467285,-9.117671012878418,8344800
0.016327591612935066,-1.3478096723556519,1.5,-5.870957851409912,-7.20244026184082,8355200
1.0979727506637573,-1.3479145765304565,0.5,10.509164810180664,10.259222984313965,8364800
0.38276028633117676,-1.3473515510559082,0.0,-1.8837733268737793,-2.8483645915985107,8374400
0.021286053583025932,-1.3472508192062378,2.0,-6.820285797119141,-8.14625072479248,8385600
0.30537405610084534,-1.3471570014953613,5.5,-2.7549142837524414,-3.7966971397399902,8395200
0.009793849661946297,-1.3472095727920532,0.0,-4.828704833984375,-6.166120529174805,8404800
0.009852791205048561,-1.3471060991287231,0.0,-4.832095623016357,-6.16934871673584,8414400
0.010814305394887924,-1.3470028638839722,0.0,-5.038029193878174,-6.374217987060547,8424800
0.8774596452713013,-1.3470226526260376,12.0,9.240694046020508,8.771130561828613,8434400
0.00734401261433959,-1.3470314741134644,0.0,-4.176754951477051,-5.51644229888916,8444800
0.011880120262503624,-1.3468012809753418,0.3333333432674408,-4.89689826965332,-6.2318196296691895,8455200
0.009016481228172779,-1.346709966659546,0.0,-4.467957019805908,-5.80565071105957,8465600
0.010673443786799908,-1.3463468551635742,0.0,-4.980468273162842,-6.316141605377197,8476000
0.01621067523956299,-1.3465142250061035,0.0,-5.825857162475586,-7.156160831451416,8485600
0.009350835345685482,-1.3464633226394653,0.0,-4.685867786407471,-6.022980213165283,8496000
0.007919293828308582,-1.3464572429656982,0.0,-4.115479946136475,-5.454017639160156,8505600
0.007390682119876146,-1.346113920211792,0.0,-3.9718494415283203,-5.310572624206543,8516000
0.009865617379546165,-1.346571683883667,0.0,-4.5703301429748535,-5.907035827636719,8525600
0.010944372043013573,-1.3464024066925049,0.0,-4.85896110534668,-6.194418907165527,8535200
0.010959210805594921,-1.3463385105133057,0.3333333432674408,-4.921614646911621,-6.256994247436523,8545600
0.9063840508460999,-1.3465778827667236,3.6666667461395264,9.947967529296875,9.507774353027344,8555200
1.1493128538131714,-1.3465293645858765,0.6666666865348816,11.450780868530273,11.253564834594727,8565600
0.6172395348548889,-1.3462791442871094,3.6666667461395264,1.3444651365280151,0.6154255867004395,8575200
1.0158772468566895,-1.3462852239608765,3.25,11.963949203491211,11.633541107177734,8585600
0.034312523901462555,-1.346582293510437,1.0,-8.556340217590332,-9.868610382080078,8596000
0.024849005043506622,-1.3464457988739014,0.0,-7.338573932647705,-8.660170555114746,8604800
0.026332790032029152,-1.346437692642212,0.25,-7.375765323638916,-8.695870399475098,8615200
0.015868717804551125,-1.3464826345443726,0.3333333432674408,-5.767662048339844,-7.098276138305664,8625600
0.018267987295985222,-1.3466373682022095,0.0,-6.167478561401367,-7.495847702026367,8635200
1.0011942386627197,-1.3467228412628174,5.5,10.370140075683594,10.024611473083496,8644800
0.6958426237106323,-1.347066879272461,0.5,2.73279070854187,2.081566333770752,8655200
0.011549707502126694,-1.3469609022140503,0.0,-5.1040472984313965,-6.439458847045898,8665600
0.010448191314935684,-1.3469537496566772,0.0,-4.808335304260254,-6.144841194152832,8675200
0.014957787469029427,-1.3469178676605225,0.0,-5.551302433013916,-6.883262634277344,8685600
0.7443942427635193,-1.346907615661621,0.0,4.737965106964111,4.135451793670654,8695200
0.010096009820699692,-1.3471324443817139,0.0,-4.878941535949707,-6.215977668762207,8705600
1.6009851694107056,-1.3470512628555298,5.75,18.212074279785156,18.466007232666016,8715200
0.012175038456916809,-1.3470379114151,1.0,-5.3034749031066895,-6.6383376121521,8725600
0.01247329730540514,-1.3472682237625122,0.0,-5.300654888153076,-6.6354498863220215,8736000
0.014093379490077496,-1.3470185995101929,0.0,-5.608580589294434,-6.9415059089660645,8745600
0.026233017444610596,-1.3468188047409058,0.0,-7.420699596405029,-8.74128532409668,8756000
0.018425965681672096,-1.3473957777023315,0.0,-6.239627361297607,-7.568597316741943,8765600
0.02801569178700447,-1.3473355770111084,0.0,-7.753138065338135,-9.072458267211914,8776000
0.01264636404812336,-1.3474957942962646,0.0,-5.457272052764893,-6.792121887207031,8786400
0.9538366794586182,-1.3474955558776855,0.0,7.7486982345581055,7.355039119720459,8796000
0.8295855522155762,-1.3474607467651367,0.5,4.055788516998291,3.5379133224487305,8806400
1.6411724090576172,-1.3475310802459717,4.0,17.74925422668457,18.042896270751953,8816800
0.03307345137000084,-1.3475486040115356,0.3333333432674408,-8.149188995361328,-9.463664054870605,8826400
0.03319748118519783,-1.347283959388733,0.5,-8.194602012634277,-9.508688926696777,8836000
0.7561097741127014,-1.347466230392456,5.5,3.4023962020874023,2.811039686203003,8845600
0.5389657020568848,-1.347537636756897,4.333333492279053,-0.45739343762397766,-1.2659653425216675,8856000
0.021331416442990303,-1.3472421169281006,0.0,-6.704385757446289,-8.030296325683594,8865600
0.6864023804664612,-1.3475170135498047,12.0,4.15126895904541,3.490154266357422,8876000
1.4796441793441772,-1.3475810289382935,3.6666667461395264,15.048005104064941,15.180068016052246,8886400
0.017496660351753235,-1.3477035760879517,0.0,-6.183767318725586,-7.513974189758301,8896000
0.029692823067307472,-1.347817063331604,0.0,-7.855624675750732,-9.173748970031738,8906400
0.014336162246763706,-1.3476918935775757,0.0,-5.7104902267456055,-7.043846130371094,8916000
1.750026822090149,-1.347656488418579,3.0,18.982908248901367,19.385278701782227,8925600
0.25614431500434875,-1.3476946353912354,1.0,-3.475144147872925,-4.566694259643555,8936000
0.5562729835510254,-1.3475925922393799,3.6666667461395264,-0.5750133991241455,-1.3663330078125,8945600
0.01899893209338188,-1.3477277755737305,0.0,-6.642983436584473,-7.971712112426758,8956000
0.022925199940800667,-1.3478487730026245,0.0,-6.880548477172852,-8.205471992492676,8966400
0.8632069826126099,-1.3478273153305054,0.5,5.81015157699585,5.325531005859375,8976000
1.1597892045974731,-1.347821593284607,0.0,14.541232109069824,14.35319995880127,8986400
0.021510694175958633,-1.3479065895080566,0.0,-6.84398889541626,-8.170385360717773,8996800
0.9504681825637817,-1.347902536392212,11.0,9.57297420501709,9.17553997039795,9006400
1.5649996995925903,-1.3478147983551025,2.75,14.833220481872559,15.050405502319336,9016800
0.7406508922576904,-1.3476728200912476,0.0,3.0691163539886475,2.462094306945801,9027200
0.020769353955984116,-1.3477540016174316,0.0,-6.763559341430664,-8.090543746948242,9036800
0.013993947766721249,-1.3477022647857666,0.0,-5.658594608306885,-6.992302894592285,9047200
0.023950671777129173,-1.3475935459136963,0.3333333432674408,-6.99294900894165,-8.3165922164917,9057600
0.014430180191993713,-1.3475006818771362,0.0,-5.642098903656006,-6.975169658660889,9067200
0.011964111588895321,-1.3475838899612427,0.0,-5.3149733543396,-6.650592803955078,9077600
0.014891091734170914,-1.3476741313934326,0.0,-5.916906356811523,-7.249689102172852,9087200
0.8267464637756348,-1.3477003574371338,1.0,6.314459800720215,5.793505668640137,9097600
0.01933753676712513,-1.3476558923721313,0.0,-6.393098831176758,-7.72141695022583,9107200
0.3725073039531708,-1.3474950790405273,0.0,-2.2066235542297363,-3.1816112995147705,9117600
0.7291470170021057,-1.3473098278045654,0.6000000238418579,1.4843803644180298,0.8662176132202148,9127200
0.024916764348745346,-1.3472222089767456,0.0,-7.2702484130859375,-8.592554092407227,9136800
0.020047305151820183,-1.3471466302871704,0.0,-6.8187432289123535,-8.145842552185059,9146400
0.021037431433796883,-1.3465328216552734,0.0,-6.483994007110596,-7.8094892501831055,9156000
0.016032325103878975,-1.3472329378128052,1.0,-5.9936909675598145,-7.324891567230225,9166400
0.01835193857550621,-1.3469767570495605,0.5,-6.132198333740234,-7.460823059082031,9176000
0.6270684003829956,-1.3472281694412231,0.25,1.0159480571746826,0.2957882881164551,9186400
0.022452116012573242,-1.3471609354019165,0.0,-6.778874397277832,-8.103583335876465,9196000
0.02131807617843151,-1.3472684621810913,0.0,-6.479038715362549,-7.804989337921143,9205600
0.011560646817088127,-1.347271203994751,1.0,-5.160012722015381,-6.495723724365234,9215200
0.009921443648636341,-1.3473964929580688,0.0,-4.8151750564575195,-6.152649879455566,9224800
0.012787098996341228,-1.3473044633865356,0.0,-5.248291969299316,-6.5828094482421875,9235200
0.9186086058616638,-1.347361445426941,0.3333333432674408,7.629380226135254,7.200627326965332,9244800
0.01449608150869608,-1.347463607788086,0.0,-5.514220237731934,-6.8471879959106445,9255200
0.9109756946563721,-1.3474613428115845,0.0,7.98047399520874,7.5439887046813965,9264800
0.015636270865797997,-1.3476165533065796,0.0,-5.7704596519470215,-7.102439880371094,9275200
0.025803109630942345,-1.3465690612792969,0.5,-7.198296546936035,-8.519062042236328,9285600
1.183347463607788,-1.3474864959716797,0.0,13.395185470581055,13.231046676635742,9295200
0.019095614552497864,-1.3475942611694336,0.0,-6.27634334564209,-7.604842185974121,9305600
1.1934040784835815,-1.3474197387695312,0.0,13.277456283569336,13.123440742492676,9315200
0.021661343052983284,-1.3474153280258179,0.5,-6.625322341918945,-7.951076507568359,9325600
0.014023758471012115,-1.3474717140197754,0.0,-5.457790374755859,-6.791238307952881,9335200
0.01345109287649393,-1.3475592136383057,0.0,-5.093234062194824,-6.427342414855957,9345600
1.172436237335205,-1.3475251197814941,3.0,11.20307445526123,11.027986526489258,9355200
0.014245811849832535,-1.347555160522461,0.0,-5.445583820343018,-6.778892993927002,9364800
0.9515091776847839,-1.347670316696167,3.6666667461395264,9.381569862365723,8.985408782958984,9374400
0.013095654547214508,-1.347638726234436,0.0,-5.261613845825195,-6.596156597137451,9384800
0.010922553017735481,-1.3476009368896484,0.0,-4.674513339996338,-6.0111918449401855,9395200
0.011134066618978977,-1.3476543426513672,0.0,-4.886659145355225,-6.223179340362549,9404800
0.012121878564357758,-1.3476371765136719,0.0,-5.100179195404053,-6.435694694519043,9414400
0.9089129567146301,-1.3477009534835815,0.5,7.899365425109863,7.460577011108398,9424000
0.01668377034366131,-1.3476935625076294,0.0,-5.9144392013549805,-7.245449066162109,9433600
0.007431197911500931,-1.3477452993392944,0.0,-4.091547966003418,-5.4318623542785645,9442400
0.011495914310216904,-1.3478450775146484,0.5,-4.915027618408203,-6.251376628875732,9452800
0.013685001991689205,-1.3478689193725586,0.0,-5.398024559020996,-6.732208251953125,9462400
1.4116837978363037,-1.3478306531906128,4.400000095367432,14.441879272460938,14.505732536315918,9472800
0.00839485228061676,-1.347852349281311,0.0,-4.3390398025512695,-5.678497314453125,9482400
0.010044089518487453,-1.3478260040283203,0.0,-4.532207489013672,-5.869989395141602,9492000
0.009168322198092937,-1.3478792905807495,0.0,-4.51600456237793,-5.854715824127197,9502400
0.008254960179328918,-1.347894549369812,0.0,-4.339839458465576,-5.679479122161865,9512000
1.430984377861023,-1.3477771282196045,2.75,14.165277481079102,14.24848461151123,9522400
0.011614842340350151,-1.3478928804397583,0.0,-5.096141815185547,-6.432419776916504,9532000
0.016236474737524986,-1.3478745222091675,0.0,-5.9275431632995605,-7.259181499481201,9542400
1.02620267868042,-1.347734808921814,1.0,11.162557601928711,10.841026306152344,9552000
0.0186412762850523,-1.347902536392212,0.0,-6.217410087585449,-7.546670913696289,9562400
0.4213324785232544,-1.3478623628616333,5.5,-0.6016103625297546,-1.5281403064727783,9572000
0.019892163574695587,-1.347849726676941,0.0,-6.401922225952148,-7.729879856109619,9581600
0.008936786092817783,-1.3478814363479614,0.0,-4.590642929077148,-5.929587364196777,9592000
0.00825908500701189,-1.3478074073791504,0.0,-4.364771366119385,-5.704319477081299,9602400
0.007533610798418522,-1.3477938175201416,0.0,-4.238204002380371,-5.578464508056641,9612000
1.6453611850738525,-1.3477728366851807,7.333333492279053,21.095922470092773,21.393510818481445,9621600
1.6962385177612305,-1.3478121757507324,4.0,20.640512466430664,20.988937377929688,9631200
0.4643908143043518,-1.3478491306304932,1.0,-0.18643566966056824,-1.0698939561843872,9641600
1.5122414827346802,-1.3478412628173828,0.5,17.464754104614258,17.629154205322266,9651200
1.837062120437622,-1.347400426864624,1.0,21.57422637939453,22.063888549804688,9660800
0.010083938017487526,-1.3478962182998657,0.0,-4.749628067016602,-6.087440013885498,9671200
0.46299654245376587,-1.347843885421753,0.25,-1.029736042022705,-1.914583444595337,9680800
0.013233705423772335,-1.3477075099945068,0.0,-5.262334823608398,-6.596808433532715,9691200
0.011696789413690567,-1.3477756977081299,0.0,-5.0119476318359375,-6.348026275634766,9700800
0.7041289210319519,-1.3478145599365234,0.0,4.024657726287842,3.380971908569336,9710400
0.9886151552200317,-1.3477990627288818,11.0,10.4937162399292,10.13453197479248,9720000
2.0008203983306885,-1.347832441329956,5.5,24.42453384399414,25.07752227783203,9730400
0.010637648403644562,-1.3477838039398193,0.0,-4.962817192077637,-6.299962997436523,9740000
1.0348742008209229,-1.3477853536605835,0.0,9.248679161071777,8.935768127441406,9750400
0.013856430537998676,-1.3478190898895264,1.0,-5.3973917961120605,-6.731354713439941,9760000
1.2016295194625854,-1.3477774858474731,0.0,12.685699462890625,12.539551734924316,9769600
0.8395900726318359,-1.3476536273956299,0.0,5.361673355102539,4.853610038757324,9780000
1.2117469310760498,-1.347497820854187,0.3333333432674408,11.933056831359863,11.797306060791016,9790400
0.024384664371609688,-1.347841501235962,0.3333333432674408,-7.056727886199951,-8.3801851272583,9800000
0.7493405938148499,-1.3478797674179077,0.0,4.678353309631348,4.0798139572143555,9810400
1.1344283819198608,-1.3478633165359497,13.0,13.904926300048828,13.69149112701416,9820000
0.8117936849594116,-1.3478199243545532,0.3333333432674408,4.799468040466309,4.263442039489746,9829600
0.01559996698051691,-1.3478153944015503,0.0,-5.678502082824707,-7.010717391967773,9840000
1.03671133518219,-1.3479276895523071,0.3333333432674408,10.131558418273926,9.820342063903809,9849600
0.4643794298171997,-1.347833514213562,0.25,-0.4819210469722748,-1.3653751611709595,9859200
1.5740530490875244,-1.3478014469146729,1.0,18.22856903076172,18.45482063293457,9868800
1.1544915437698364,-1.3478487730026245,0.0,11.551488876342773,11.358131408691406,9879200
1.1695507764816284,-1.3478221893310547,0.0,12.114110946655273,11.935839653015137,9888800
1.6898069381713867,-1.3478045463562012,3.8333332538604736,17.797340393066406,18.13934326171875,9898400
1.2300710678100586,-1.3478363752365112,0.0,13.094635963439941,12.9768705368042,9908000
0.01782764121890068,-1.3478432893753052,0.0,-6.135685920715332,-7.465701580047607,9918400
1.2053279876708984,-1.3478139638900757,0.0,12.604732513427734,12.462246894836426,9928000
1.0282779932022095,-1.3476336002349854,5.5,9.822806358337402,9.503451347351074,9937600
0.9743308424949646,-1.3477704524993896,2.75,8.637394905090332,8.263955116271973,9947200
0.017125343903899193,-1.347830057144165,1.0,-6.028408527374268,-7.359113693237305,9957600
0.011174328625202179,-1.3478225469589233,0.0,-5.098100662231445,-6.434749126434326,9967200
0.01725967414677143,-1.347812294960022,0.0,-5.907536029815674,-7.238088607788086,9976800
1.110110878944397,-1.3477376699447632,7.0,11.9478120803833,11.710186004638672,9987200
0.011577893048524857,-1.347799301147461,0.0,-5.23336124420166,-6.569582462310791,9997600
0.02369747869670391,-1.347827434539795,0.20000000298023224,-7.038071155548096,-8.362201690673828,10005600
