baseline_loss,entropy_loss,mean_episode_return,pg_loss,total_loss,frame
151.60552978515625,-0.01290134061127901,0.0,-0.5345268845558167,151.05809020996094,2400
19.618297576904297,-0.1994069218635559,0.0,-0.8691853284835815,18.549705505371094,9600
2.171515703201294,-0.626091718673706,0.0,0.0131620392203331,1.5585861206054688,20800
1.6649885177612305,-1.03519868850708,0.0,-0.3330160677433014,0.2967737913131714,32800
0.6383191347122192,-1.128330945968628,11.0,3.8474457263946533,3.357434034347534,44000
0.9213873147964478,-1.167309284210205,0.0,0.4053650498390198,0.15944314002990723,55200
0.38693538308143616,-1.2045243978500366,11.0,3.0746169090270996,2.257028102874756,65600
0.12176137417554855,-1.2663958072662354,2.0,-1.3169435262680054,-2.461577892303467,76000
0.13673898577690125,-1.3025459051132202,0.0,-0.6420907974243164,-1.807897686958313,87200
0.23095062375068665,-1.2695837020874023,0.0,-1.2817645072937012,-2.3203976154327393,99200
0.21203283965587616,-1.2478560209274292,0.0,-2.7995009422302246,-3.835324287414551,110400
0.11235475540161133,-1.306378722190857,0.0,-3.2858729362487793,-4.4798970222473145,121600
0.234089657664299,-1.2808501720428467,0.0,1.8319631814956665,0.7852027416229248,132000
0.22390471398830414,-1.268534541130066,1.0,3.696946859359741,2.6523170471191406,143200
0.17511895298957825,-1.298999547958374,0.0,0.7630711197853088,-0.36080944538116455,154400
0.4312359690666199,-1.273882508277893,0.25,4.240283012390137,3.3976364135742188,165600
0.12648127973079681,-1.3121907711029053,0.0,2.495197296142578,1.3094878196716309,176800
0.22590027749538422,-1.323033094406128,0.0,0.6628097295761108,-0.4343230724334717,188000
0.2383885681629181,-1.3301942348480225,11.0,1.708079218864441,0.6162735223770142,199200
0.23128440976142883,-1.3295279741287231,0.0,2.2293848991394043,1.1311413049697876,210400
0.07830750942230225,-1.322660207748413,0.0,0.7630904316902161,-0.4812622666358948,220800
0.10045371949672699,-1.3188308477401733,0.20000000298023224,-5.976437568664551,-7.194814682006836,232000
0.03822814300656319,-1.3256728649139404,0.0,-0.7465933561325073,-2.0340380668640137,243200
0.06783807277679443,-1.327234148979187,0.0,-3.7787563800811768,-5.038152694702148,254400
0.866877019405365,-1.3309502601623535,0.25,13.616729736328125,13.152656555175781,265600
0.09161987900733948,-1.321614384651184,0.0,-2.252119302749634,-3.482113838195801,276800
0.699389636516571,-1.3355865478515625,4.400000095367432,14.289206504821777,13.653009414672852,288000
0.06545546650886536,-1.3299304246902466,0.5,-3.020214796066284,-4.284689903259277,298400
0.032656293362379074,-1.3292217254638672,0.0,-1.363654613494873,-2.660220146179199,309600
0.06538061797618866,-1.3390072584152222,0.0,-6.15384578704834,-7.4274725914001465,320800
0.24347719550132751,-1.3301573991775513,0.0,5.41901159286499,4.332331657409668,332000
0.46829718351364136,-1.3313173055648804,0.0,7.818648815155029,6.955628871917725,342400
0.05894790589809418,-1.3312307596206665,0.0,-4.026165962219238,-5.2984490394592285,353600
0.32224228978157043,-1.3367488384246826,2.75,7.150861740112305,6.136355400085449,364800
0.021072523668408394,-1.3335734605789185,0.0,-2.2283828258514404,-3.5408835411071777,376000
0.21121546626091003,-1.3359872102737427,0.5,3.3495829105377197,2.22481107711792,386400
0.04237135499715805,-1.3349369764328003,0.0,-4.085597991943359,-5.378163814544678,397600
0.5282237529754639,-1.330275535583496,0.5,8.812676429748535,8.010624885559082,408800
0.3184046447277069,-1.338459849357605,1.0,-0.5591676235198975,-1.5792227983474731,419200
0.3273353576660156,-1.335410714149475,2.75,5.662205219268799,4.654129981994629,430400
0.5270251631736755,-1.3376296758651733,3.6666667461395264,9.446642875671387,8.636038780212402,441600
0.06376216560602188,-1.3394423723220825,0.0,-7.304014682769775,-8.579694747924805,452800
0.04408612847328186,-1.3366903066635132,0.0,-6.588030815124512,-7.8806352615356445,464000
0.3980225920677185,-1.3386940956115723,12.0,3.7734768390655518,2.8328051567077637,475200
0.45299801230430603,-1.33781099319458,1.0,7.345074653625488,6.460261821746826,486400
0.01277468353509903,-1.3360743522644043,0.0,-1.1365644931793213,-2.4598641395568848,496800
0.2943389117717743,-1.3425216674804688,0.0,0.7326828837394714,-0.3154999017715454,508000
0.01526642870157957,-1.3349940776824951,0.0,-0.8028577566146851,-2.1225852966308594,519200
0.25204208493232727,-1.3369293212890625,0.5,0.6820634007453918,-0.402823805809021,529600
0.49619394540786743,-1.34363853931427,3.6666667461395264,5.5230841636657715,4.675639629364014,540800
0.5541862845420837,-1.3398069143295288,3.6666667461395264,8.459908485412598,7.67428731918335,552000
0.611454427242279,-1.3438390493392944,2.200000047683716,10.774818420410156,10.042433738708496,563200
0.2525593042373657,-1.3384804725646973,5.5,-5.780880928039551,-6.866802215576172,574400
0.014433907344937325,-1.341668963432312,0.0,-1.6079577207565308,-2.935192823410034,585600
0.18285097181797028,-1.3298232555389404,0.0,-7.524964332580566,-8.671936988830566,596800
0.007194348610937595,-1.3401343822479248,0.0,-0.5617902874946594,-1.8947303295135498,608000
0.44845524430274963,-1.3394153118133545,5.5,2.8514671325683594,1.9605071544647217,619200
0.2731512486934662,-1.3342949151992798,0.0,4.867033958435059,3.8058905601501465,630400
0.2065785676240921,-1.3384829759597778,3.6666667461395264,-0.11144296824932098,-1.243347406387329,641600
0.008559122681617737,-1.3378498554229736,0.0,-2.5797266960144043,-3.909017324447632,652800
0.0055931187234818935,-1.342862844467163,0.0,-1.0679776668548584,-2.405247449874878,663200
0.0023939742241054773,-1.3457560539245605,1.0,0.006821541115641594,-1.3365405797958374,674400
0.00902247428894043,-1.3427276611328125,0.0,-0.3260137140750885,-1.6597188711166382,685600
0.011665641330182552,-1.343598484992981,0.0,-0.3103192448616028,-1.6422520875930786,696800
0.0024236252065747976,-1.346268892288208,0.5,-0.3451153337955475,-1.6889605522155762,708000
0.004421284422278404,-1.3482493162155151,0.0,-2.379450798034668,-3.7232789993286133,718400
0.3993065357208252,-1.3471708297729492,0.0,3.4146525859832764,2.4667882919311523,729600
0.0049057393334805965,-1.3439234495162964,0.5,-1.33268404006958,-2.6717019081115723,741600
0.0030081309378147125,-1.3448247909545898,0.0,-0.012587402015924454,-1.354404091835022,752800
0.01000762265175581,-1.3468425273895264,0.0,-2.8827295303344727,-4.219564437866211,763200
0.03374022990465164,-1.3445202112197876,0.0,-5.030449867248535,-6.3412299156188965,774400
0.41578254103660583,-1.3475568294525146,2.75,7.228498935699463,6.296724319458008,785600
0.010773067362606525,-1.346717357635498,0.0,-4.238645076751709,-5.574589252471924,796800
0.28237050771713257,-1.3457982540130615,6.0,5.899869918823242,4.836441993713379,808000
0.10073398798704147,-1.3431390523910522,0.3333333432674408,-12.053297996520996,-13.295702934265137,818400
0.5291412472724915,-1.341317892074585,0.0,4.006269454956055,3.1940929889678955,829600
0.3811986446380615,-1.34019136428833,0.0,4.5910444259643555,3.632051944732666,840800
0.008440663106739521,-1.3431973457336426,0.0,-0.39659568667411804,-1.7313523292541504,852000
0.5038682818412781,-1.341027021408081,0.5,-0.12109909951686859,-0.9582578539848328,862400
0.36625316739082336,-1.3447506427764893,0.0,5.173491477966309,4.19499397277832,873600
0.004522841423749924,-1.3403043746948242,0.0,-2.0510666370391846,-3.386848211288452,884800
0.2913302779197693,-1.3422434329986572,1.0,0.31072303652763367,-0.7401901483535767,896000
0.43814459443092346,-1.344656229019165,3.0,4.9362993240356445,4.029788017272949,907200
0.02733529545366764,-1.3379096984863281,1.0,-5.513463020324707,-6.824037551879883,917600
0.0276999082416296,-1.3405981063842773,0.0,-7.312190532684326,-8.625088691711426,928800
0.16795240342617035,-1.3407872915267944,0.0,0.5224771499633789,-0.650357723236084,940000
0.001744573237374425,-1.3423136472702026,0.0,-0.26569053530693054,-1.6062595844268799,951200
0.386665016412735,-1.344401240348816,4.0,4.441437244415283,3.483700752258301,962400
0.03240065276622772,-1.342326283454895,1.0,-1.8009684085845947,-3.110894203186035,972800
0.004458977375179529,-1.3459845781326294,1.0,-1.5221999883651733,-2.8637256622314453,983200
0.3606223165988922,-1.3446645736694336,2.75,5.77618932723999,4.792147159576416,994400
0.02289247326552868,-1.345216989517212,0.20000000298023224,-5.598544597625732,-6.920868873596191,1005600
0.004741703625768423,-1.3472373485565186,0.0,-1.6637022495269775,-3.006197929382324,1016800
0.03450307995080948,-1.3462026119232178,3.0,-7.144521236419678,-8.456220626831055,1028800
2.4897258281707764,-1.3434323072433472,0.0,20.317224502563477,21.463518142700195,1039200
0.21686576306819916,-1.3441070318222046,1.0,-0.054376304149627686,-1.1816176176071167,1050400
0.03347597271203995,-1.3468352556228638,0.0,-3.6260788440704346,-4.939438343048096,1061600
0.0031767399050295353,-1.346915364265442,1.0,-2.3817474842071533,-3.7254862785339355,1072800
0.03463002294301987,-1.3468760251998901,0.0,-6.4605536460876465,-7.772799968719482,1083200
0.7279844284057617,-1.3467566967010498,11.0,11.042033195495605,10.423260688781738,1094400
0.012753648683428764,-1.3460578918457031,0.0,-4.698788166046143,-6.032092571258545,1105600
0.023964909836649895,-1.3433451652526855,0.0,-5.506221294403076,-6.825601577758789,1117600
0.009422648698091507,-1.3434901237487793,0.0,-3.482736349105835,-4.816803932189941,1128000
0.01910851150751114,-1.3422341346740723,0.0,-5.411100387573242,-6.734226226806641,1139200
0.37422510981559753,-1.3402901887893677,5.5,4.32081937789917,3.3547544479370117,1149600
0.4561523199081421,-1.3410407304763794,0.0,7.795174598693848,6.910285949707031,1161600
0.0061541832983493805,-1.3406336307525635,0.0,-2.636366844177246,-3.970846176147461,1172800
0.009621563367545605,-1.345566987991333,0.0,-3.9125537872314453,-5.248498916625977,1183200
0.004162531346082687,-1.345095157623291,0.0,-1.7418620586395264,-3.082794666290283,1194400
0.0034624102991074324,-1.342367172241211,0.0,-0.510911226272583,-1.8498159646987915,1205600
0.44607773423194885,-1.3481287956237793,3.6666667461395264,7.159038543701172,6.256987571716309,1216800
0.006929426919668913,-1.3479911088943481,0.0,-3.377896785736084,-4.718958377838135,1228000
0.0009763972484506667,-1.3473930358886719,0.0,-0.5693256855010986,-1.9157423973083496,1238400
0.026927027851343155,-1.34456467628479,0.20000000298023224,-6.221409320831299,-7.5390472412109375,1250400
0.022903481498360634,-1.34388267993927,0.0,-6.307201862335205,-7.628180980682373,1260800
0.01614830642938614,-1.3452427387237549,0.0,-5.91424036026001,-7.243334770202637,1272000
0.04804137721657753,-1.3454214334487915,0.5,-6.2419891357421875,-7.539369106292725,1283200
0.4138917624950409,-1.345871090888977,0.5,1.1732258796691895,0.24124658107757568,1293600
0.0010432172566652298,-1.3446917533874512,0.0,-0.9199762344360352,-2.263624668121338,1304800
0.17322327196598053,-1.3445543050765991,1.0,-1.3059334754943848,-2.477264404296875,1316000
0.7181580066680908,-1.3451557159423828,2.75,8.912099838256836,8.285101890563965,1327200
0.4354212284088135,-1.343849778175354,0.0,3.864248275756836,2.955819606781006,1338400
0.003950220067054033,-1.3433053493499756,0.0,-1.4338864088058472,-2.7732415199279785,1348800
0.5898007750511169,-1.3426449298858643,1.0,9.176728248596191,8.423884391784668,1360000
0.4883803725242615,-1.345105767250061,0.0,5.5833516120910645,4.726626396179199,1371200
0.04342539981007576,-1.3448405265808105,0.0,-9.029958724975586,-10.33137321472168,1381600
0.003910548985004425,-1.3454011678695679,0.0,-2.8154237270355225,-4.156914234161377,1392800
0.4536281228065491,-1.344675064086914,0.0,6.269854545593262,5.378807544708252,1404000
0.3352610170841217,-1.3450696468353271,5.5,2.8727598190307617,1.8629512786865234,1415200
0.002639187267050147,-1.3458225727081299,0.0,-1.822437047958374,-3.1656203269958496,1426400
1.5708513259887695,-1.3453614711761475,2.75,20.886171340942383,21.111661911010742,1436800
0.004270678386092186,-1.3444709777832031,0.0,-2.979386806488037,-4.319586753845215,1448000
0.4205408990383148,-1.3462635278701782,5.5,4.000943183898926,3.0752205848693848,1459200
0.0036616174038499594,-1.3466503620147705,0.0,-2.3695528507232666,-3.7125415802001953,1470400
0.007429268676787615,-1.348046064376831,0.0,-3.794487714767456,-5.135104179382324,1480800
0.0026935485657304525,-1.3486303091049194,0.0,-1.6700912714004517,-3.0160279273986816,1492000
0.010597472079098225,-1.3481135368347168,0.0,-4.68492317199707,-6.022439002990723,1503200
0.025411104783415794,-1.3483831882476807,0.25,-7.169593334197998,-8.492565155029297,1514400
0.8716068863868713,-1.3481708765029907,0.0,11.305368423461914,10.828804016113281,1524800
0.031680285930633545,-1.3472813367843628,0.0,-2.26338529586792,-3.578986167907715,1536000
0.8240274786949158,-1.3467738628387451,0.0,13.870919227600098,13.348172187805176,1547200
0.030929382890462875,-1.3476618528366089,0.0,-7.53154182434082,-8.848274230957031,1558400
0.3224439024925232,-1.348984956741333,5.5,1.6463346481323242,0.6197936534881592,1569600
0.5042435526847839,-1.3480526208877563,0.5,2.797610282897949,1.9538012742996216,1580000
0.024380439892411232,-1.3476115465164185,0.0,-6.920324325561523,-8.243556022644043,1591200
0.0025315703824162483,-1.3447452783584595,0.0,-1.9091787338256836,-3.251392364501953,1602400
0.6901808381080627,-1.347543716430664,1.0,8.273015022277832,7.615652084350586,1613600
0.025979353114962578,-1.3482297658920288,0.0,-7.059071063995361,-8.38132095336914,1624800
0.37380388379096985,-1.348667860031128,4.0,3.147113561630249,2.1722495555877686,1635200
0.15788553655147552,-1.3474324941635132,12.0,-2.241947889328003,-3.43149471282959,1646400
0.011725532822310925,-1.3472422361373901,0.0,-5.180658340454102,-6.516175270080566,1657600
0.0026440557558089495,-1.346997857093811,0.0,-2.080632448196411,-3.4249863624572754,1668800
0.22835536301136017,-1.342752456665039,1.0,-7.737576961517334,-8.851974487304688,1680000
0.005144326947629452,-1.347745656967163,0.0,-2.391549587249756,-3.7341508865356445,1690400
1.9415475130081177,-1.3457192182540894,8.0,27.26254653930664,27.858375549316406,1701600
0.02385363169014454,-1.3443493843078613,0.3333333432674408,-6.798635005950928,-8.119131088256836,1713600
0.001478993333876133,-1.3477755784988403,0.0,-1.2980499267578125,-2.6443464756011963,1724000
0.012658192776143551,-1.346495509147644,1.0,-4.592771053314209,-5.926608562469482,1735200
0.006128918379545212,-1.3489782810211182,0.0,-3.9088690280914307,-5.251718521118164,1746400
0.012879876419901848,-1.3492121696472168,1.0,-4.731836795806885,-6.068169116973877,1757600
0.6694772839546204,-1.3496676683425903,1.0,9.460278511047363,8.780088424682617,1768800
0.008560349233448505,-1.3494510650634766,0.0,-4.364832878112793,-5.705723762512207,1779200
0.003569824155420065,-1.3492802381515503,0.0,-2.8066437244415283,-4.1523542404174805,1790400
0.46598711609840393,-1.3467739820480347,0.0,2.6755871772766113,1.7948004007339478,1801600
0.005349418148398399,-1.347813367843628,0.5,-2.957057237625122,-4.299521446228027,1812800
0.8327609896659851,-1.3460595607757568,0.0,9.683743476867676,9.17044448852539,1824000
0.004953381139785051,-1.3411458730697632,0.0,-2.7056305408477783,-4.041822910308838,1835200
0.24201036989688873,-1.3426200151443481,1.0,-2.8693785667419434,-3.9699883460998535,1845600
0.323185533285141,-1.3424769639968872,11.0,4.619714260101318,3.6004228591918945,1856800
0.03183421120047569,-1.3422738313674927,0.0,-7.933833122253418,-9.24427318572998,1868000
0.004983657039701939,-1.3436554670333862,0.0,-3.071094036102295,-4.409765720367432,1879200
0.2757323086261749,-1.3437962532043457,0.0,1.8938934803009033,0.8258295059204102,1889600
0.5121145248413086,-1.3396406173706055,0.0,1.9790334701538086,1.1515073776245117,1900800
0.005793430842459202,-1.342368483543396,0.0,-2.9679934978485107,-4.304568767547607,1912000
0.005867879372090101,-1.3450480699539185,0.0,-3.2769787311553955,-4.616158962249756,1923200
0.015200918540358543,-1.3415493965148926,0.0,-5.116919040679932,-6.443267345428467,1933600
0.02035084180533886,-1.3400890827178955,0.3333333432674408,-4.966632843017578,-6.286371231079102,1944800
0.026357349008321762,-1.343597173690796,0.5,-7.069880485534668,-8.387120246887207,1956000
0.022396165877580643,-1.3427162170410156,0.0,-6.049098968505859,-7.369419097900391,1967200
0.3741460144519806,-1.3452781438827515,0.0,2.61151385307312,1.6403816938400269,1978400
0.12271525710821152,-1.3462165594100952,0.3333333432674408,-8.674102783203125,-9.897603988647461,1988800
0.01142650656402111,-1.3443156480789185,0.0,-4.740131855010986,-6.073020935058594,2000000
0.32354506850242615,-1.342764973640442,5.5,1.6645840406417847,0.6453641653060913,2011200
0.4260145127773285,-1.3461474180221558,0.0,6.6697258949279785,5.7495927810668945,2022400
0.024155378341674805,-1.3415331840515137,0.3333333432674408,-6.403781414031982,-7.7211594581604,2033600
0.5798193216323853,-1.3441082239151,0.0,8.282960891723633,7.518672466278076,2044800
0.007961307652294636,-1.3429055213928223,0.0,-3.381263256072998,-4.716207504272461,2056000
0.03831016644835472,-1.3419239521026611,0.3333333432674408,-8.179265975952148,-9.482879638671875,2067200
0.0015514655970036983,-1.3414489030838013,0.0,-1.3745204210281372,-2.7144179344177246,2078400
0.004055502824485302,-1.3399009704589844,0.0,-2.680595874786377,-4.016441345214844,2088800
0.42945051193237305,-1.339387059211731,0.0,1.8676913976669312,0.9577549695968628,2100000
0.43728339672088623,-1.3383522033691406,0.5,3.5957083702087402,2.6946396827697754,2111200
0.0035911749582737684,-1.3409605026245117,0.0,-2.861555576324463,-4.198925018310547,2122400
0.004711097106337547,-1.3421508073806763,0.0,-2.913443088531494,-4.250882625579834,2133600
0.4064599573612213,-1.3429222106933594,0.0,4.142917156219482,3.2064547538757324,2144800
0.010942153632640839,-1.3450709581375122,0.5,-4.773266315460205,-6.107395172119141,2156000
0.019392048940062523,-1.3454917669296265,0.0,-5.895915508270264,-7.222015380859375,2167200
0.008174180053174496,-1.343846082687378,0.0,-4.086935043334961,-5.422607421875,2178400
0.29532328248023987,-1.345734715461731,0.0,-0.0669698566198349,-1.1173813343048096,2188800
0.6144903898239136,-1.3467235565185547,0.0,7.152795791625977,6.420562744140625,2200000
0.06971458345651627,-1.347969651222229,0.0,-4.185114860534668,-5.463369846343994,2211200
0.02017153799533844,-1.3414404392242432,0.5,-4.9360151290893555,-6.257284164428711,2222400
0.012738672085106373,-1.3450027704238892,0.0,-3.309298515319824,-4.641562461853027,2233600
0.40581655502319336,-1.3452808856964111,0.0,3.8756937980651855,2.9362294673919678,2244000
0.055040352046489716,-1.3444839715957642,0.0,-10.637335777282715,-11.926779747009277,2255200
0.6899815201759338,-1.3441532850265503,6.0,8.873372077941895,8.219200134277344,2266400
0.019666871055960655,-1.3451188802719116,0.0,-6.366241455078125,-7.6916937828063965,2277600
0.39687269926071167,-1.3456906080245972,3.6666667461395264,2.634066581726074,1.6852487325668335,2288800
0.0015429735649377108,-1.3458489179611206,0.0,-1.5809617042541504,-2.9252676963806152,2300000
0.0455111525952816,-1.3466150760650635,1.0,-9.810907363891602,-11.112010955810547,2311200
0.016401216387748718,-1.344688057899475,0.0,-5.623724460601807,-6.9520111083984375,2321600
0.011744121089577675,-1.3452826738357544,1.0,-4.5661211013793945,-5.899659633636475,2333600
1.4529470205307007,-1.3453799486160278,7.666666507720947,21.78388023376465,21.891447067260742,2344800
0.3341933786869049,-1.3430367708206177,4.0,-1.0344525575637817,-2.0432958602905273,2356000
0.6363781094551086,-1.3434717655181885,6.0,4.911901950836182,4.204808235168457,2366400
0.27998653054237366,-1.3437955379486084,0.5,0.04647618159651756,-1.0173327922821045,2378400
0.0596950463950634,-1.343132495880127,0.0,-10.647810935974121,-11.93124771118164,2389600
0.4048116207122803,-1.344297170639038,0.0,5.901676654815674,4.962190628051758,2400800
0.6728455424308777,-1.3450297117233276,0.0,8.480690956115723,7.808506965637207,2411200
0.03420846909284592,-1.346362590789795,0.0,-7.476266384124756,-8.788420677185059,2422400
0.25703540444374084,-1.3418676853179932,0.3333333432674408,-2.4232773780822754,-3.5081095695495605,2433600
0.04605836421251297,-1.3437288999557495,0.5,-9.60761833190918,-10.905288696289062,2444800
0.4616381525993347,-1.3437068462371826,11.0,2.582318067550659,1.700249433517456,2455200
0.01780824176967144,-1.341186285018921,0.0,-5.691216468811035,-7.014594078063965,2466400
0.022625552490353584,-1.3386898040771484,0.0,-6.673910617828369,-7.9899749755859375,2477600
0.24166420102119446,-1.3468983173370361,0.0,-1.1934655904769897,-2.2986998558044434,2488800
1.0799983739852905,-1.345693588256836,1.0,15.962056159973145,15.696361541748047,2500000
0.02895468845963478,-1.3443913459777832,0.0,-7.903062343597412,-9.218499183654785,2510400
0.364587664604187,-1.3480349779129028,5.5,0.10411851108074188,-0.8793287873268127,2521600
0.18101687729358673,-1.3478868007659912,0.0,-1.203086256980896,-2.3699560165405273,2532800
0.0045515610836446285,-1.3471001386642456,0.5,-2.621241331100464,-3.963789939880371,2543200
0.01583029329776764,-1.349094033241272,0.0,-5.423086166381836,-6.756349563598633,2554400
0.02241731435060501,-1.3493276834487915,0.0,-6.582176685333252,-7.90908670425415,2565600
0.01974530890583992,-1.349156141281128,0.0,-6.0296831130981445,-7.35909366607666,2576000
0.5776654481887817,-1.3479678630828857,0.0,2.392883062362671,1.6225807666778564,2588000
0.904077410697937,-1.348550796508789,0.0,10.45362663269043,10.009153366088867,2599200
1.1034321784973145,-1.348135232925415,0.0,17.020362854003906,16.775659561157227,2610400
0.42065536975860596,-1.3490575551986694,0.3333333432674408,2.9337217807769775,2.005319595336914,2620800
0.003960660193115473,-1.348783254623413,0.0,-2.7944886684417725,-4.13931131362915,2632000
0.014184946194291115,-1.3501249551773071,0.0,-5.32724142074585,-6.663181304931641,2643200
0.0017562686698511243,-1.350405216217041,0.0,-1.3957148790359497,-2.744363784790039,2655200
0.005074094980955124,-1.3492602109909058,0.0,-2.774977922439575,-4.119163990020752,2665600
0.31668198108673096,-1.3500808477401733,2.4000000953674316,0.9797190427780151,-0.053679823875427246,2676800
0.9326077699661255,-1.3495491743087769,3.0,11.279086112976074,10.862144470214844,2687200
0.012261386960744858,-1.348603367805481,0.3333333432674408,-4.8607611656188965,-6.197103023529053,2699200
0.9460705518722534,-1.3488404750823975,5.5,12.765417098999023,12.36264705657959,2710400
1.7616149187088013,-1.3493980169296265,3.142857074737549,21.775484085083008,22.187702178955078,2720800
0.01247891690582037,-1.3460829257965088,0.0,-4.797586441040039,-6.131190299987793,2732000
0.30071794986724854,-1.344433307647705,0.25,-4.0048017501831055,-5.048517227172852,2743200
0.528407633304596,-1.3443255424499512,2.4000000953674316,3.2995593547821045,2.4836413860321045,2754400
0.014450370334088802,-1.3440591096878052,0.0,-4.9013285636901855,-6.2309370040893555,2765600
0.3099733889102936,-1.34498131275177,4.0,-1.7217488288879395,-2.7567567825317383,2776800
0.009921040385961533,-1.3464961051940918,0.0,-3.8747520446777344,-5.211327075958252,2788000
0.012613596394658089,-1.3478679656982422,0.0,-5.159563064575195,-6.49481725692749,2798400
0.005196560639888048,-1.3479725122451782,0.0,-3.189603567123413,-4.532379627227783,2809600
0.014758087694644928,-1.3484840393066406,0.0,-5.81912899017334,-7.152854919433594,2820800
0.5175251960754395,-1.348637342453003,0.0,2.383350133895874,1.5522379875183105,2832000
0.2577584385871887,-1.3475897312164307,4.0,-3.619532823562622,-4.70936393737793,2843200
0.6490203142166138,-1.3482927083969116,0.0,5.885376453399658,5.186103820800781,2854400
0.012843304313719273,-1.349453091621399,0.0,-5.001972675323486,-6.338582515716553,2865600
0.01676766388118267,-1.3490183353424072,0.0,-5.8854546546936035,-7.217705726623535,2876800
1.2164413928985596,-1.3472166061401367,5.5,18.640911102294922,18.510135650634766,2888000
0.040217407047748566,-1.3473466634750366,0.0,-9.02129077911377,-10.32841968536377,2898400
0.009625779464840889,-1.346985101699829,0.0,-4.636767864227295,-5.974126815795898,2910400
0.038539186120033264,-1.3448541164398193,0.0,-8.657130241394043,-9.963445663452148,2921600
0.4133186340332031,-1.346047282218933,1.5,0.9300451278686523,-0.0026835203170776367,2932000
0.025894656777381897,-1.3466711044311523,0.0,-7.4001336097717285,-8.72091007232666,2943200
0.03141433373093605,-1.347209095954895,0.20000000298023224,-7.851189613342285,-9.166984558105469,2953600
0.007550799287855625,-1.3460891246795654,0.0,-3.810276985168457,-5.148815155029297,2964800
0.46081337332725525,-1.3461250066757202,1.0,2.3607358932495117,1.4754241704940796,2976800
0.7288896441459656,-1.345346450805664,3.6666667461395264,8.594112396240234,7.977655410766602,2988000
0.008278639055788517,-1.345102310180664,0.25,-3.523028612136841,-4.859852313995361,2999200
0.6988288164138794,-1.3445156812667847,0.5,3.666846752166748,3.0211596488952637,3009600
0.0066923582926392555,-1.3436814546585083,0.6666666865348816,-3.289344549179077,-4.626333713531494,3020800
1.137820839881897,-1.3457157611846924,7.333333492279053,20.141040802001953,19.93314552307129,3032000
0.6213541626930237,-1.3459750413894653,0.0,5.588788986206055,4.864168167114258,3043200
0.011414393782615662,-1.3475768566131592,0.0,-4.977242469787598,-6.3134050369262695,3054400
1.0164741277694702,-1.3478846549987793,0.3333333432674408,13.765067100524902,13.433656692504883,3065600
0.8855410218238831,-1.3475631475448608,2.75,13.411763191223145,12.94974136352539,3076000
0.8881905674934387,-1.3466812372207642,5.5,11.673327445983887,11.214836120605469,3087200
0.3044690489768982,-1.346235990524292,0.0,-1.2308049201965332,-2.2725718021392822,3098400
0.013921499252319336,-1.343007206916809,0.0,-5.589445114135742,-6.918530464172363,3110400
0.01700863242149353,-1.3441914319992065,0.0,-5.803532123565674,-7.1307148933410645,3120800
0.3664379119873047,-1.3455849885940552,3.0,0.9911397099494934,0.011992573738098145,3132000
1.145566463470459,-1.3458362817764282,6.0,15.465702056884766,15.265432357788086,3143200
0.005587656516581774,-1.3464515209197998,0.0,-3.3012514114379883,-4.642115592956543,3154400
0.564624011516571,-1.344714879989624,0.0,5.32066011428833,4.540569305419922,3165600
0.526036262512207,-1.344912052154541,0.0,5.51635217666626,4.697476387023926,3176800
0.004039400722831488,-1.344749093055725,0.0,-2.678851366043091,-4.019561290740967,3188000
1.179579734802246,-1.3441715240478516,11.0,19.79551887512207,19.63092613220215,3199200
0.01120801456272602,-1.3457897901535034,0.0,-4.692873001098633,-6.027454853057861,3210400
0.7392368316650391,-1.3471708297729492,2.5999999046325684,8.711953163146973,8.104019165039062,3221600
0.020007209852337837,-1.3462550640106201,0.0,-6.074084281921387,-7.400332450866699,3232800
0.014596342109143734,-1.346131682395935,0.0,-5.584935665130615,-6.916471004486084,3244000
0.005397495813667774,-1.3462835550308228,0.0,-3.544001340866089,-4.884887218475342,3255200
0.7769215106964111,-1.345325231552124,2.75,8.952634811401367,8.384230613708496,3265600
0.6933112144470215,-1.3459833860397339,5.5,8.820921897888184,8.168249130249023,3277600
0.0077515775337815285,-1.3467408418655396,0.0,-4.061098575592041,-5.400087833404541,3288800
0.25969335436820984,-1.3467763662338257,0.0,1.721009373664856,0.6339263916015625,3299200
1.56937575340271,-1.346307635307312,5.5,18.308387756347656,18.531455993652344,3310400
0.00960017740726471,-1.3465015888214111,0.0,-4.483088970184326,-5.819990158081055,3321600
0.012148982845246792,-1.3460060358047485,0.0,-5.158535003662109,-6.492392063140869,3332800
0.005907946731895208,-1.3459199666976929,0.5,-3.6127099990844727,-4.952722072601318,3344000
0.020926618948578835,-1.3464112281799316,0.20000000298023224,-6.623722076416016,-7.949206829071045,3355200
0.008859715424478054,-1.3465676307678223,0.0,-4.549433708190918,-5.887141704559326,3366400
0.0038953719194978476,-1.3471567630767822,0.0,-2.680575370788574,-4.023837089538574,3377600
1.5983951091766357,-1.3474286794662476,3.4285714626312256,19.922870635986328,20.17383575439453,3388800
0.27560627460479736,-1.3478891849517822,0.0,-2.3672091960906982,-3.4394919872283936,3400800
4.550166606903076,-1.3467997312545776,4.0,50.83029556274414,54.03366470336914,3412000
0.04215199872851372,-1.3473199605941772,0.25,-9.161470413208008,-10.46663761138916,3423200
0.014546425081789494,-1.3465244770050049,0.0,-5.797377109527588,-7.129355430603027,3434400
0.2168000042438507,-1.345629096031189,2.75,-5.606682300567627,-6.735511302947998,3445600
0.02023143693804741,-1.345290184020996,0.0,-6.411275863647461,-7.736334800720215,3456800
0.03668592497706413,-1.3425568342208862,0.0,-8.510562896728516,-9.816433906555176,3468000
0.2764323949813843,-1.3444993495941162,2.0,0.272376149892807,-0.7956907749176025,3479200
0.013114485889673233,-1.3456156253814697,0.0,-5.294931888580322,-6.627432823181152,3491200
0.010493998415768147,-1.347556710243225,0.0,-4.7360453605651855,-6.073107719421387,3502400
0.8362309336662292,-1.3468552827835083,0.0,10.206586837768555,9.695962905883789,3513600
0.5414942502975464,-1.3479876518249512,1.0,5.738367080688477,4.931873798370361,3524800
0.006569046527147293,-1.348055362701416,0.0,-3.951467514038086,-5.2929534912109375,3536800
0.5510275363922119,-1.347090482711792,5.5,2.8810160160064697,2.0849530696868896,3548000
0.010795515030622482,-1.347341537475586,0.0,-4.820051670074463,-6.15659761428833,3558400
0.0038228374905884266,-1.3474847078323364,0.0,-2.8661835193634033,-4.209845542907715,3570400
0.004689131863415241,-1.3473278284072876,0.0,-3.142195224761963,-4.484833717346191,3581600
0.7168087363243103,-1.3476171493530273,0.3333333432674408,8.159430503845215,7.528621673583984,3592000
0.012593662366271019,-1.348285436630249,0.0,-5.514026165008545,-6.84971809387207,3604000
0.6916239261627197,-1.349082589149475,0.5,6.125474452972412,5.468016147613525,3615200
0.6649933457374573,-1.3499834537506104,0.25,6.152385234832764,5.467394828796387,3626400
0.021470990031957626,-1.3483566045761108,0.0,-7.1293206214904785,-8.456206321716309,3637600
0.007971205748617649,-1.348736047744751,0.0,-3.856968641281128,-5.197733402252197,3648800
0.7544198036193848,-1.3497772216796875,0.0,7.455525875091553,6.86016845703125,3660000
0.007178266067057848,-1.3495761156082153,1.0,-3.833307981491089,-5.175705909729004,3672000
3.1391377449035645,-1.3496836423873901,11.5,31.680397033691406,33.469852447509766,3683200
0.012689159251749516,-1.3502156734466553,0.0,-5.592783451080322,-6.930310249328613,3694400
0.6419313549995422,-1.3500126600265503,2.200000047683716,5.137130260467529,4.429049015045166,3705600
0.6840254068374634,-1.3493404388427734,0.6666666865348816,6.254387378692627,5.589072227478027,3716800
0.5900401473045349,-1.3497306108474731,0.0,4.668808937072754,3.90911865234375,3728000
0.8004798889160156,-1.3492900133132935,0.0,11.924188613891602,11.375378608703613,3739200
0.011482834815979004,-1.3487510681152344,0.0,-4.852743625640869,-6.190011978149414,3750400
1.4411600828170776,-1.3498286008834839,0.5,19.158388137817383,19.249719619750977,3761600
0.006730740424245596,-1.3494069576263428,0.0,-3.7846786975860596,-5.127354621887207,3772800
0.011102868244051933,-1.348921537399292,0.0,-4.763327598571777,-6.101146697998047,3784000
0.007056015077978373,-1.3485103845596313,0.0,-3.8165488243103027,-5.158003330230713,3795200
0.02607223391532898,-1.3488670587539673,0.0,-7.171536445617676,-8.494331359863281,3806400
0.016472065821290016,-1.3481755256652832,0.0,-5.948646068572998,-7.2803497314453125,3817600
0.025003565475344658,-1.3485523462295532,0.0,-7.170949935913086,-8.494499206542969,3828800
0.2848442494869232,-1.3480815887451172,0.0,-6.163903713226318,-7.2271409034729,3840000
0.006158250384032726,-1.3483184576034546,0.5,-3.539729595184326,-4.881889820098877,3851200
0.005488877650350332,-1.3471779823303223,0.0,-3.344020366668701,-4.685709476470947,3862400
1.0159024000167847,-1.347430944442749,3.25,12.238545417785645,11.90701675415039,3873600
1.466649055480957,-1.3465920686721802,5.5,23.525514602661133,23.645572662353516,3884800
0.016374124214053154,-1.3470832109451294,0.0,-5.8310651779174805,-7.161774158477783,3896000
0.4582737386226654,-1.3465898036956787,3.6666667461395264,-1.5076417922973633,-2.3959579467773438,3907200
0.10218349099159241,-1.3452832698822021,1.0,-5.818046569824219,-7.0611467361450195,3918400
0.5435110926628113,-1.3460062742233276,4.0,7.925601005554199,7.123106002807617,3929600
0.016237987205386162,-1.3450955152511597,0.0,-5.423483848571777,-6.752341270446777,3940800
0.6143824458122253,-1.3448761701583862,11.0,4.947367191314697,4.2168731689453125,3952000
0.3080854117870331,-1.345401406288147,1.0,-2.7789833545684814,-3.8162994384765625,3963200
0.030308423563838005,-1.3444346189498901,0.0,-7.86940336227417,-9.1835298538208,3975200
1.2887612581253052,-1.3418060541152954,0.5,17.50135612487793,17.44831085205078,3986400
0.044275976717472076,-1.3416260480880737,0.0,-9.357819557189941,-10.655169486999512,3996800
0.6019237041473389,-1.341452717781067,5.5,4.641625881195068,3.902096748352051,4008800
0.011596676893532276,-1.3411729335784912,0.0,-5.239841938018799,-6.569417953491211,4020000
0.019120903685688972,-1.3393056392669678,0.0,-6.315011501312256,-7.635196685791016,4031200
0.00892390962690115,-1.3411437273025513,0.0,-4.112654685974121,-5.444874286651611,4042400
0.013641014695167542,-1.3408503532409668,0.0,-5.0083327293396,-6.33554220199585,4053600
0.021306246519088745,-1.3415782451629639,0.0,-6.553465843200684,-7.8737382888793945,4064800
0.5090609788894653,-1.3420252799987793,0.0,6.161778450012207,5.3288140296936035,4076800
2.756826400756836,-1.3421046733856201,0.0,18.972938537597656,20.38766098022461,4088000
0.4873392879962921,-1.3434067964553833,0.0,2.287156343460083,1.4310888051986694,4099200
1.7871315479278564,-1.3434199094772339,0.0,14.850292205810547,15.294004440307617,4110400
1.5159634351730347,-1.3436360359191895,0.0,12.774181365966797,12.946508407592773,4121600
0.016368722543120384,-1.3429657220840454,0.0,-5.699651718139648,-7.026248455047607,4132800
0.007322600111365318,-1.3428205251693726,0.0,-3.9483678340911865,-5.283865928649902,4144000
0.043225452303886414,-1.3441746234893799,0.0,-9.547714233398438,-10.848663330078125,4155200
0.03208359703421593,-1.3432799577713013,0.75,-7.031277656555176,-8.342473983764648,4166400
0.01629873365163803,-1.345905065536499,0.3333333432674408,-5.68078088760376,-7.010387420654297,4178400
0.010356713086366653,-1.3459136486053467,0.0,-4.900547504425049,-6.2361040115356445,4188800
1.1380484104156494,-1.346638798713684,3.6666667461395264,14.35539722442627,14.146806716918945,4200000
0.026874322444200516,-1.345393180847168,0.0,-7.435210704803467,-8.753728866577148,4211200
0.016017859801650047,-1.3460042476654053,0.5,-5.7072882652282715,-7.037274360656738,4222400
0.6497601270675659,-1.3467326164245605,0.0,7.680011749267578,6.983039379119873,4233600
0.007569494657218456,-1.3469243049621582,0.5,-3.818859338760376,-5.158214092254639,4244800
0.018178820610046387,-1.3465352058410645,0.0,-6.156121730804443,-7.484477996826172,4256000
0.012352709658443928,-1.345864176750183,0.0,-4.971615791320801,-6.305127143859863,4267200
0.01364786084741354,-1.3460417985916138,0.3333333432674408,-5.128070831298828,-6.4604644775390625,4278400
0.005244929809123278,-1.3461631536483765,0.0,-3.253035068511963,-4.5939531326293945,4290400
0.7755317091941833,-1.3465675115585327,0.0,7.262470722198486,6.691434383392334,4301600
0.02005353383719921,-1.3471921682357788,0.0,-6.80774450302124,-8.134882926940918,4312800
0.007921412587165833,-1.3478825092315674,0.0,-4.064179420471191,-5.404140472412109,4324000
0.0044851829297840595,-1.3486417531967163,0.0,-3.263113021850586,-4.607269763946533,4335200
0.7523833513259888,-1.3481076955795288,0.0,11.21851634979248,10.62279224395752,4346400
0.009903529658913612,-1.3483620882034302,0.0,-4.87191915512085,-6.2103776931762695,4357600
0.7391281127929688,-1.3483768701553345,0.0,7.523182392120361,6.913933277130127,4368800
0.565470814704895,-1.3457921743392944,11.0,2.996800184249878,2.2164788246154785,4380000
0.016500940546393394,-1.3484079837799072,0.0,-5.8516411781311035,-7.1835479736328125,4391200
0.871707558631897,-1.3474363088607788,3.6666667461395264,10.25338077545166,9.777652740478516,4402400
0.02384055405855179,-1.3459032773971558,0.0,-6.254575729370117,-7.576638698577881,4414400
0.8555967807769775,-1.3474379777908325,0.0,6.682117938995361,6.190277099609375,4425600
0.02254417911171913,-1.3468388319015503,0.0,-6.8421502113342285,-8.166444778442383,4436800
0.4823469817638397,-1.3463714122772217,11.0,2.577815532684326,1.7137911319732666,4447200
0.011568399146199226,-1.3459583520889282,0.0,-4.634335517883301,-5.968725204467773,4459200
0.62968510389328,-1.3459330797195435,0.5,7.477847576141357,6.761599540710449,4470400
0.007953567430377007,-1.3456605672836304,0.0,-3.6182804107666016,-4.955987453460693,4481600
0.015857083722949028,-1.3454723358154297,1.0,-5.58822774887085,-6.917842864990234,4492000
0.4011057913303375,-1.3458428382873535,1.0,0.2831674814224243,-0.6615695953369141,4503200
0.02289799600839615,-1.345636010169983,0.0,-7.138875484466553,-8.461613655090332,4515200
0.5363116264343262,-1.3445016145706177,13.0,2.434532403945923,1.6263424158096313,4526400
2.324917793273926,-1.3449712991714478,4.333333492279053,18.51105308532715,19.49100112915039,4537600
0.6054021120071411,-1.3454310894012451,2.200000047683716,3.3219971656799316,2.581968069076538,4548800
0.031032860279083252,-1.3457196950912476,0.0,-7.947396278381348,-9.262083053588867,4560000
0.3861711323261261,-1.3456876277923584,0.0,0.4254066050052643,-0.534109890460968,4571200
0.01142339687794447,-1.3454437255859375,0.5,-4.778340816497803,-6.112360954284668,4583200
0.011942926794290543,-1.3461828231811523,0.5,-5.02626895904541,-6.360508918762207,4594400
0.011064617894589901,-1.3459010124206543,0.3333333432674408,-4.798078536987305,-6.132915019989014,4605600
0.019550146535038948,-1.3461791276931763,0.0,-6.4902729988098145,-7.816901683807373,4616800
0.00892963819205761,-1.3466579914093018,0.0,-4.120400905609131,-5.458128929138184,4628000
0.010916512459516525,-1.3464224338531494,0.0,-4.469323635101318,-5.8048295974731445,4639200
0.008116250857710838,-1.3463811874389648,0.0,-4.176360607147217,-5.514625549316406,4650400
0.8648547530174255,-1.3471425771713257,0.0,9.693071365356445,9.210783958435059,4661600
0.015391194261610508,-1.3473862409591675,1.0,-5.697106838226318,-7.029101848602295,4672800
0.028219694271683693,-1.346968173980713,0.0,-7.4408488273620605,-8.759597778320312,4684000
0.033008914440870285,-1.3464281558990479,1.0,-7.982516765594482,-9.29593563079834,4696000
0.031794995069503784,-1.3462151288986206,0.0,-7.985353946685791,-9.299774169921875,4706400
0.018587343394756317,-1.3470139503479004,0.0,-6.622983932495117,-7.95141077041626,4717600
0.019164200872182846,-1.3458373546600342,0.0,-6.170191287994385,-7.496864318847656,4728800
0.017556389793753624,-1.3458704948425293,0.5,-5.761605739593506,-7.0899200439453125,4740000
1.1808463335037231,-1.3461098670959473,4.400000095367432,10.632477760314941,10.467214584350586,4751200
0.4911867082118988,-1.3452521562576294,3.6666667461395264,1.2865811586380005,0.4325157403945923,4762400
0.02022019401192665,-1.3471601009368896,0.0,-6.7392096519470215,-8.066149711608887,4773600
0.04358502849936485,-1.3476650714874268,0.3333333432674408,-8.679088592529297,-9.983168601989746,4784800
0.009791855700314045,-1.3476253747940063,0.0,-4.261342525482178,-5.599175930023193,4796000
0.008964953012764454,-1.348556637763977,0.0,-4.467350482940674,-5.806941986083984,4807200
0.002293406054377556,-1.348435640335083,0.0,-1.9742445945739746,-3.3203868865966797,4818400
0.9722862839698792,-1.3489899635314941,11.0,10.460972785949707,10.084268569946289,4829600
0.7923264503479004,-1.3484728336334229,5.5,11.479547500610352,10.92340087890625,4840800
0.0071109384298324585,-1.3489235639572144,0.0,-3.5673515796661377,-4.9091644287109375,4852000
0.003918144386261702,-1.3489818572998047,0.0,-2.8218891620635986,-4.166953086853027,4863200
0.007451084908097982,-1.3487564325332642,0.5,-3.7998952865600586,-5.141200542449951,4874400
3.142639398574829,-1.3482372760772705,0.5,30.911590576171875,32.70599365234375,4885600
0.628416121006012,-1.3486711978912354,0.0,-2.9143660068511963,-3.6346211433410645,4896800
0.6520026922225952,-1.3490841388702393,0.0,3.704296588897705,3.0072152614593506,4908000
0.032638438045978546,-1.3494622707366943,0.0,-8.265271186828613,-9.5820951461792,4919200
0.3001302480697632,-1.3498116731643677,0.0,-1.7017112970352173,-2.7513928413391113,4930400
0.002688925014808774,-1.3498908281326294,0.0,-2.3287389278411865,-3.675940990447998,4941600
0.01678101345896721,-1.34977126121521,0.0,-5.753222942352295,-7.086213111877441,4952800
0.22478017210960388,-1.3499289751052856,3.0,-3.1096458435058594,-4.234794616699219,4964000
1.0190645456314087,-1.3497627973556519,0.0,14.332801818847656,14.002103805541992,4975200
0.006740582641214132,-1.3489246368408203,0.0,-3.9183685779571533,-5.260552406311035,4985600
0.5626493096351624,-1.349158763885498,5.5,2.657866954803467,1.8713574409484863,4997600
0.7462575435638428,-1.3494027853012085,3.6666667461395264,10.19115924835205,9.588014602661133,5008800
0.016911836341023445,-1.3489712476730347,0.0,-6.066665172576904,-7.398724555969238,5020000
2.0799856185913086,-1.349072813987732,6.0,18.250892639160156,18.9818058013916,5031200
0.012903888709843159,-1.3493913412094116,0.25,-4.929124355316162,-6.2656121253967285,5042400
0.006698003504425287,-1.3493525981903076,0.0,-3.8100218772888184,-5.152676582336426,5053600
0.1438792645931244,-1.3488578796386719,5.5,-3.2909345626831055,-4.495913505554199,5064800
0.014942223206162453,-1.347642183303833,0.0,-5.683472633361816,-7.016172409057617,5076000
0.003991624806076288,-1.3477418422698975,0.0,-2.6396756172180176,-3.9834258556365967,5087200
1.6107463836669922,-1.3472812175750732,0.20000000298023224,22.461984634399414,22.72545051574707,5098400
0.01700269617140293,-1.3465811014175415,0.3333333432674408,-5.853757858276367,-7.18333625793457,5109600
0.6833153963088989,-1.3461204767227173,0.0,7.930788993835449,7.267983913421631,5120800
0.03412128984928131,-1.3454445600509644,0.25,-8.279916763305664,-9.591239929199219,5132800
0.6736785173416138,-1.3458698987960815,0.0,5.272367477416992,4.600175857543945,5143200
0.9212603569030762,-1.3458259105682373,0.0,10.455103874206543,10.030537605285645,5154400
0.046277966350317,-1.3450514078140259,0.0,-9.50401496887207,-10.802788734436035,5165600
0.020258767530322075,-1.3458123207092285,1.0,-6.772439479827881,-8.097992897033691,5176800
0.5376052856445312,-1.344694972038269,6.5,2.6820013523101807,1.8749116659164429,5187200
1.2578561305999756,-1.3455270528793335,0.0,16.11159896850586,16.023927688598633,5199200
0.012724080123007298,-1.346239447593689,0.0,-4.764040470123291,-6.097556114196777,5210400
0.467204213142395,-1.3462543487548828,0.25,0.2947242259979248,-0.584325909614563,5221600
0.037770289927721024,-1.3456546068191528,0.0,-9.054588317871094,-10.362472534179688,5232800
0.012101900763809681,-1.3451237678527832,0.0,-4.492520332336426,-5.825541973114014,5244000
0.004899853840470314,-1.3455206155776978,0.0,-3.1421332359313965,-4.482754230499268,5255200
0.007533659227192402,-1.3463314771652222,0.0,-3.7457849979400635,-5.084582805633545,5266400
0.040107667446136475,-1.346197485923767,0.0,-8.605186462402344,-9.911275863647461,5277600
0.6528019905090332,-1.3465862274169922,6.0,8.156061172485352,7.462276458740234,5288800
2.56490159034729,-1.3465417623519897,2.75,38.00978469848633,39.228145599365234,5300000
0.02051457017660141,-1.34637451171875,0.0,-6.643928527832031,-7.969788551330566,5311200
0.8253589272499084,-1.3456016778945923,0.0,7.5028581619262695,6.982615947723389,5322400
0.02210409566760063,-1.3465490341186523,0.3333333432674408,-6.5394368171691895,-7.863881587982178,5333600
0.008391530252993107,-1.3465226888656616,0.0,-4.294663429260254,-5.6327948570251465,5344800
0.013536876998841763,-1.346276044845581,0.0,-5.419058799743652,-6.751797676086426,5356800
0.014049537479877472,-1.3461092710494995,0.0,-4.760566711425781,-6.092626571655273,5368000
0.01571648195385933,-1.3467942476272583,0.25,-5.304870128631592,-6.6359477043151855,5379200
1.6751010417938232,-1.3456934690475464,3.8333332538604736,22.071712493896484,22.401119232177734,5390400
0.019464600831270218,-1.3453176021575928,1.0,-6.133813381195068,-7.4596662521362305,5401600
0.004918335936963558,-1.3458020687103271,0.0,-2.824631690979004,-4.165515422821045,5412800
0.001980683533474803,-1.346002459526062,0.5,-1.7817715406417847,-3.12579345703125,5424800
0.013274499215185642,-1.3461543321609497,0.5,-4.642602920532227,-5.97548246383667,5436000
0.7568788528442383,-1.3460289239883423,5.5,9.86742115020752,9.278270721435547,5447200
0.012457059696316719,-1.3450738191604614,0.3333333432674408,-4.614950180053711,-5.947566986083984,5458400
0.022695885971188545,-1.3442765474319458,0.0,-5.058872699737549,-6.380453109741211,5469600
0.022495398297905922,-1.344266653060913,0.3333333432674408,-5.387794017791748,-6.709565162658691,5481600
0.0057065547443926334,-1.3456177711486816,0.0,-3.360851526260376,-4.700762748718262,5492800
0.012556706555187702,-1.3458404541015625,0.0,-4.579532623291016,-5.912816524505615,5504000
0.01757555827498436,-1.3456156253814697,0.6666666865348816,-5.260365009307861,-6.588404655456543,5515200
0.6682719588279724,-1.3458982706069946,2.75,4.318920612335205,3.641294479370117,5526400
0.04016740992665291,-1.3450487852096558,0.0,-8.926034927368164,-10.230916023254395,5537600
0.09980595856904984,-1.3458787202835083,3.6666667461395264,-4.907240867614746,-6.153313636779785,5548800
0.14995600283145905,-1.3461881875991821,0.3333333432674408,-2.2911477088928223,-3.487380027770996,5560800
0.7784786224365234,-1.345625877380371,0.0,8.370827674865723,7.803680419921875,5571200
0.43780526518821716,-1.3464648723602295,0.0,1.9980826377868652,1.0894229412078857,5582400
0.0176621712744236,-1.3470046520233154,0.0,-5.793163299560547,-7.122506141662598,5594400
0.006357974838465452,-1.3464096784591675,0.6666666865348816,-3.112258195877075,-4.452310085296631,5605600
0.0049267481081187725,-1.3471102714538574,0.0,-1.8801562786102295,-3.222339630126953,5616800
0.08976763486862183,-1.346235990524292,3.6666667461395264,-4.191807746887207,-5.448276519775391,5628000
0.4946949779987335,-1.3471546173095703,11.0,7.090478897094727,6.2380194664001465,5639200
1.3570003509521484,-1.3469995260238647,5.5,23.831743240356445,23.84174346923828,5650400
0.012964950874447823,-1.3476241827011108,0.0,-2.1465981006622314,-3.481257438659668,5662400
0.015432599000632763,-1.348520040512085,0.0,-4.471523761749268,-5.8046112060546875,5672800
0.8681758642196655,-1.3477277755737305,0.0,7.714848041534424,7.235296249389648,5684800
0.5967786312103271,-1.3475719690322876,0.0,6.891891956329346,6.141098499298096,5695200
0.005254850722849369,-1.3487941026687622,1.0,-2.6796517372131348,-4.023190975189209,5706400
0.0217711441218853,-1.3475533723831177,0.0,-6.604893207550049,-7.930675506591797,5718400
0.006926071830093861,-1.3474926948547363,0.0,-2.6015355587005615,-3.9421021938323975,5728800
0.3762434720993042,-1.347133755683899,4.0,2.188894510269165,1.2180041074752808,5740000
0.015764553099870682,-1.347125768661499,0.0,-4.599534511566162,-5.930895805358887,5751200
0.0063921078108251095,-1.3475364446640015,0.0,-3.3236489295959473,-4.664793491363525,5762400
0.6596158742904663,-1.3471739292144775,0.0,2.8949391841888428,2.207381010055542,5773600
0.028149526566267014,-1.347474217414856,1.0,-7.445629596710205,-8.764954566955566,5785600
0.9808000922203064,-1.3475348949432373,0.0,13.513925552368164,13.14719009399414,5796800
0.0060605211183428764,-1.3480371236801147,0.0,-3.1693344116210938,-4.511311054229736,5808000
0.006275846157222986,-1.3479348421096802,0.0,-3.478081226348877,-4.819740295410156,5819200
0.028691673651337624,-1.3486049175262451,0.0,-7.560076713562012,-8.879989624023438,5830400
0.010106593370437622,-1.3481794595718384,0.0,-4.231866359710693,-5.569939136505127,5841600
0.013991259038448334,-1.3468902111053467,1.0,-4.893863201141357,-6.226761817932129,5852800
0.4499790072441101,-1.3483905792236328,11.0,3.7024471759796143,2.8040356636047363,5864000
1.4482767581939697,-1.3473275899887085,0.3333333432674408,16.593555450439453,16.694503784179688,5875200
0.03743760287761688,-1.3482372760772705,0.25,-7.902024269104004,-9.212823867797852,5886400
1.435640573501587,-1.3482182025909424,5.75,16.58705711364746,16.67447853088379,5897600
1.017006516456604,-1.3483535051345825,3.6666667461395264,15.58854866027832,15.257201194763184,5908800
1.1172000169754028,-1.3496841192245483,5.5,11.792043685913086,11.55955982208252,5920000
0.9434886574745178,-1.3483867645263672,0.0,9.67556095123291,9.270663261413574,5931200
0.03281264752149582,-1.3474268913269043,0.0,-8.543427467346191,-9.858041763305664,5942400
1.164222240447998,-1.3463300466537476,11.0,13.629190444946289,13.447083473205566,5953600
0.007217091042548418,-1.3463467359542847,0.0,-3.425450325012207,-4.764579772949219,5964800
0.006084032356739044,-1.3461741209030151,0.0,-3.410881996154785,-4.750972270965576,5976000
0.6600373983383179,-1.3474202156066895,11.0,10.359991073608398,9.672607421875,5987200
0.38658690452575684,-1.3466956615447998,0.0,-0.14648433029651642,-1.106593132019043,5998400
0.7876431345939636,-1.3465784788131714,3.25,8.349371910095215,7.790436744689941,6010400
0.5888046026229858,-1.3468999862670898,0.0,2.5521225929260254,1.794027328491211,6021600
1.63310968875885,-1.3478095531463623,4.333333492279053,16.690473556518555,16.97577476501465,6032800
0.008134433068335056,-1.347607970237732,0.0,-2.7524967193603516,-4.091970443725586,6044000
0.004688261542469263,-1.347063422203064,0.0,-2.458696126937866,-3.8010711669921875,6055200
0.014627821743488312,-1.3474284410476685,0.0,-4.54295015335083,-5.875750541687012,6066400
0.006962573155760765,-1.3458062410354614,0.0,-3.6350860595703125,-4.9739298820495605,6077600
1.5340412855148315,-1.3477199077606201,2.4000000953674316,23.181413650512695,23.367734909057617,6088800
0.012423289939761162,-1.3469711542129517,0.0,-4.473724842071533,-5.808272361755371,6100000
0.008837377652525902,-1.347172498703003,1.0,-3.983189582824707,-5.321524620056152,6111200
0.29415494203567505,-1.346876621246338,3.6666667461395264,-2.1838366985321045,-3.236558437347412,6122400
0.026191534474492073,-1.3462220430374146,0.0,-6.937981128692627,-8.258011817932129,6133600
0.3630172610282898,-1.3460628986358643,3.6666667461395264,3.5268094539642334,2.5437638759613037,6144800
0.014827283099293709,-1.346753478050232,0.0,-2.3145077228546143,-3.6464338302612305,6156000
0.8935722708702087,-1.346747875213623,0.0,7.591475009918213,7.138299465179443,6167200
0.3614439070224762,-1.3461291790008545,4.0,3.3898074626922607,2.4051222801208496,6178400
0.9804880619049072,-1.3470078706741333,3.2857143878936768,10.714655876159668,10.348135948181152,6189600
0.02078087441623211,-1.3475110530853271,0.0,-5.599397659301758,-6.9261274337768555,6200800
0.009739025495946407,-1.3473047018051147,0.0,-4.217397212982178,-5.554963111877441,6212800
0.01627449318766594,-1.3475598096847534,0.0,-4.4270219802856445,-5.758307456970215,6224000
0.5449717044830322,-1.3462306261062622,0.0,3.9922385215759277,3.1909799575805664,6235200
0.016278989613056183,-1.344842791557312,0.0,-4.425764083862305,-5.754327774047852,6246400
0.021637214347720146,-1.3457958698272705,0.20000000298023224,-6.139747142791748,-7.463905334472656,6257600
0.040659353137016296,-1.3457459211349487,0.5,-3.2863128185272217,-4.591399192810059,6268800
0.016124270856380463,-1.3465439081192017,0.5,-4.921175003051758,-6.251594543457031,6280000
0.4998120367527008,-1.3452410697937012,12.0,5.601691722869873,4.75626277923584,6291200
0.013323181308805943,-1.3455123901367188,1.0,-4.40803337097168,-5.740222454071045,6302400
0.02177835814654827,-1.3470581769943237,0.20000000298023224,-5.884244441986084,-7.209524154663086,6313600
0.005280116107314825,-1.3471044301986694,0.0,-2.875819444656372,-4.217643737792969,6324800
0.007946259342133999,-1.3453903198242188,0.0,-3.6784632205963135,-5.015907287597656,6336000
0.014306457713246346,-1.3431681394577026,0.0,-5.25543212890625,-6.584293842315674,6346400
0.6769656538963318,-1.3440414667129517,3.6666667461395264,7.6551899909973145,6.988113880157471,6357600
0.010761251673102379,-1.3453583717346191,2.0,-3.712686061859131,-5.047283172607422,6367200
0.6310453414916992,-1.3434056043624878,0.3333333432674408,2.5314903259277344,1.8191300630569458,6377600
0.7020697593688965,-1.3440874814987183,0.0,6.357043743133545,5.715025901794434,6388800
0.01240113191306591,-1.3445093631744385,0.0,-4.494115829467773,-5.826224327087402,6400000
0.008686753921210766,-1.343575119972229,0.0,-3.2837328910827637,-4.618621349334717,6411200
0.4810663163661957,-1.3436973094940186,5.5,1.9644696712493896,1.1018385887145996,6420800
0.02028650976717472,-1.3416590690612793,0.0,-6.235175132751465,-7.55654764175415,6430400
0.5810762047767639,-1.3423545360565186,0.0,5.082271575927734,4.320993423461914,6441600
0.010379943065345287,-1.3431068658828735,0.0,-4.920064926147461,-6.252791881561279,6452800
0.008106215856969357,-1.3445426225662231,0.75,-3.4113495349884033,-4.747786045074463,6464000
0.011512279510498047,-1.3448575735092163,0.0,-4.952143669128418,-6.285489082336426,6475200
0.010620111599564552,-1.343226432800293,0.0,-4.707578659057617,-6.04018497467041,6485600
0.6733483672142029,-1.3447239398956299,11.0,5.567103385925293,4.89572811126709,6495200
0.3979281485080719,-1.3442151546478271,3.0,2.9507389068603516,2.0044519901275635,6506400
0.006240407004952431,-1.3442846536636353,0.0,-3.55816388130188,-4.8962082862854,6516800
0.018801715224981308,-1.3446033000946045,0.0,-5.878122329711914,-7.203924179077148,6528800
0.018304230645298958,-1.3460580110549927,0.0,-5.706997871398926,-7.0347514152526855,6538400
0.010251449421048164,-1.3461273908615112,0.0,-4.680227756500244,-6.016103744506836,6548800
0.9703744053840637,-1.3461110591888428,0.0,9.428386688232422,9.05264949798584,6559200
0.02556605078279972,-1.3461107015609741,0.0,-6.975866317749023,-8.29641056060791,6570400
0.017208971083164215,-1.346721887588501,0.0,-5.964951992034912,-7.294465065002441,6581600
0.02152586542069912,-1.344848871231079,0.0,-6.097349643707275,-7.420672416687012,6592000
0.017923984676599503,-1.3450478315353394,0.0,-5.280374050140381,-6.6074981689453125,6601600
0.006206640973687172,-1.3443429470062256,0.0,-3.7530198097229004,-5.091156005859375,6612800
0.015556758269667625,-1.344735026359558,0.0,-5.378861904144287,-6.708040237426758,6623200
0.36390241980552673,-1.3427867889404297,5.5,1.717595100402832,0.7387106418609619,6633600
0.9957217574119568,-1.3444385528564453,1.0,15.123190879821777,14.774473190307617,6644000
0.010288381949067116,-1.344756007194519,0.0,-3.8551154136657715,-5.189582824707031,6654400
1.5313166379928589,-1.3452889919281006,3.25,22.46579933166504,22.651826858520508,6665600
0.016509756445884705,-1.346064567565918,0.0,-5.306415557861328,-6.635970592498779,6676000
0.026698289439082146,-1.3450572490692139,0.0,-6.56536865234375,-7.88372802734375,6686400
1.8941707611083984,-1.3452057838439941,0.20000000298023224,21.16427230834961,21.713237762451172,6696800
0.01799401454627514,-1.3454736471176147,0.0,-5.567474365234375,-6.894954204559326,6707200
0.02424374222755432,-1.34702730178833,0.0,-5.500136852264404,-6.822920322418213,6717600
0.013787949457764626,-1.3459768295288086,0.0,-3.7684733867645264,-5.1006622314453125,6728000
0.7366659045219421,-1.3473055362701416,0.1666666716337204,7.583427906036377,6.9727888107299805,6738400
0.019163446500897408,-1.3464714288711548,0.0,-4.625722885131836,-5.953030586242676,6749600
0.02607961930334568,-1.3474434614181519,0.0,-4.622430324554443,-5.943794250488281,6759200
0.7604482173919678,-1.3456188440322876,3.6666667461395264,5.834314346313477,5.249144077301025,6769600
0.011447605676949024,-1.3442864418029785,0.0,-3.079453468322754,-4.41229248046875,6780000
0.09643391519784927,-1.3440624475479126,0.0,-1.5739400386810303,-2.821568489074707,6791200
0.004420863464474678,-1.3442851305007935,0.0,-0.6667019128799438,-2.006566047668457,6800800
0.001998281804844737,-1.345836877822876,0.0,-1.2044206857681274,-2.5482592582702637,6811200
0.01059506181627512,-1.3458852767944336,0.0,-4.517824172973633,-5.853114604949951,6821600
0.4150390326976776,-1.3449605703353882,11.0,1.8899821043014526,0.9600604772567749,6832000
0.7103337049484253,-1.3463466167449951,0.5,4.527904510498047,3.8918917179107666,6841600
0.8735597729682922,-1.345686912536621,0.0,12.032133102416992,11.560006141662598,6852000
0.6454383730888367,-1.3465903997421265,0.0,5.363071441650391,4.661919116973877,6862400
0.009445318020880222,-1.3463505506515503,0.0,-3.486715793609619,-4.823620796203613,6872800
0.01339972298592329,-1.3475855588912964,0.0,-4.67209005355835,-6.0062761306762695,6882400
0.007209325674921274,-1.3463342189788818,0.0,-3.3556032180786133,-4.694727897644043,6892800
0.4031044840812683,-1.348280906677246,1.0,2.2669661045074463,1.3217897415161133,6903200
0.007090063765645027,-1.347182273864746,0.0,-2.270212411880493,-3.610304594039917,6912800
0.0219236109405756,-1.347564935684204,0.3333333432674408,-5.1464738845825195,-6.472115516662598,6922400
0.6634997725486755,-1.3484278917312622,0.5,4.985768795013428,4.300840854644775,6932800
0.7622371912002563,-1.3461849689483643,6.0,8.802801132202148,8.218853950500488,6943200
0.0202729981392622,-1.3476169109344482,0.0,-5.502598762512207,-6.82994270324707,6953600
0.010327001102268696,-1.3475120067596436,0.20000000298023224,-4.368465900421143,-5.70565128326416,6963200
0.011289258487522602,-1.34748375415802,0.5,-3.4121336936950684,-4.74832820892334,6972800
0.0237711314111948,-1.3470815420150757,0.3333333432674408,-6.748742580413818,-8.072052955627441,6983200
0.5598618388175964,-1.3486692905426025,0.0,2.713210105895996,1.9244027137756348,6993600
0.042202427983284,-1.3474317789077759,0.0,-8.88232421875,-10.187554359436035,7002400
1.459939956665039,-1.3479434251785278,0.0,20.88283348083496,20.994829177856445,7012000
0.030332954600453377,-1.3470158576965332,0.25,-7.511960029602051,-8.828642845153809,7022400
0.4921266436576843,-1.346907615661621,5.5,1.6304004192352295,0.7756195068359375,7032000
1.2894983291625977,-1.3469069004058838,1.8333333730697632,10.049724578857422,9.992316246032715,7041600
0.018399186432361603,-1.3479411602020264,0.0,-5.821995735168457,-7.151537895202637,7052000
0.01671528071165085,-1.3468469381332397,0.5,-4.344317436218262,-5.674449443817139,7061600
0.8039336204528809,-1.3477578163146973,11.0,10.850367546081543,10.306543350219727,7070400
0.008022014982998371,-1.3476492166519165,0.25,-3.769016742706299,-5.108644008636475,7080000
0.01363263837993145,-1.3478776216506958,0.0,-5.14455509185791,-6.478799819946289,7090400
0.008917669765651226,-1.3474385738372803,0.0,-3.81333589553833,-5.151856899261475,7100000
0.005211143288761377,-1.347339391708374,0.0,-3.096508741378784,-4.438636779785156,7108800
0.0030540458392351866,-1.3479703664779663,0.0,-2.590871572494507,-3.9357876777648926,7119200
0.8698834776878357,-1.3479844331741333,2.75,11.193891525268555,10.715790748596191,7128800
0.7940501570701599,-1.347962737083435,4.400000095367432,4.5398030281066895,3.9858903884887695,7138400
0.022327687591314316,-1.3481905460357666,0.0,-6.429505825042725,-7.755368232727051,7148000
0.011352482251822948,-1.3479344844818115,0.0,-5.05007266998291,-6.386654853820801,7157600
0.02098575234413147,-1.3482857942581177,0.0,-6.370457649230957,-7.697757720947266,7167200
0.022533969953656197,-1.3484965562820435,0.0,-6.359419345855713,-7.685381889343262,7176800
0.019064974039793015,-1.3487142324447632,0.3333333432674408,-4.4187140464782715,-5.748363494873047,7185600
0.6756486296653748,-1.348348617553711,3.6666667461395264,8.517733573913574,7.845033645629883,7196000
0.014768728986382484,-1.3475329875946045,0.0,-4.867032527923584,-6.199796676635742,7204800
0.6857743263244629,-1.3475724458694458,3.25,3.1537864208221436,2.491988182067871,7214400
0.022480549290776253,-1.346544623374939,0.0,-6.34263277053833,-7.666697025299072,7223200
0.026381848379969597,-1.3468661308288574,0.0,-6.209439277648926,-7.529923439025879,7233600
0.017253698781132698,-1.3470275402069092,0.0,-5.569497585296631,-6.899271011352539,7242400
0.011631658300757408,-1.3472496271133423,1.0,-4.382436752319336,-5.71805477142334,7252000
0.02345859259366989,-1.3470427989959717,0.0,-5.11116361618042,-6.434747695922852,7261600
0.013306776061654091,-1.3478254079818726,0.0,-3.187828540802002,-4.5223469734191895,7271200
0.011834302917122841,-1.3477035760879517,0.6666666865348816,-3.1421079635620117,-4.477977275848389,7280000
0.011296072974801064,-1.3476494550704956,0.0,-2.361227512359619,-3.6975808143615723,7288800
0.015485694631934166,-1.3479576110839844,0.0,-4.3485307693481445,-5.681002616882324,7298400
0.008186732418835163,-1.3480924367904663,0.0,-1.890403151512146,-3.230309009552002,7308000
0.02086559124290943,-1.3483139276504517,0.0,-3.9438376426696777,-5.2712860107421875,7317600
0.3388848602771759,-1.3481287956237793,2.0,1.6236865520477295,0.6144425868988037,7327200
0.025611506775021553,-1.3478106260299683,0.0,-5.737762451171875,-7.059961795806885,7336800
0.6916381120681763,-1.3486324548721313,5.5,9.686641693115234,9.029646873474121,7345600
0.6760089993476868,-1.3491098880767822,0.0,8.943974494934082,8.2708740234375,7355200
0.0175872091203928,-1.3487902879714966,0.0,-4.71930456161499,-6.050507545471191,7364800
0.03154275193810463,-1.3484690189361572,0.0,-7.6211371421813965,-8.938063621520996,7374400
0.02591150812804699,-1.3486042022705078,0.0,-5.917308330535889,-7.240001201629639,7383200
1.96818208694458,-1.3485227823257446,3.0,19.84415626525879,20.463815689086914,7392800
0.011464966461062431,-1.3488614559173584,0.0,-4.8017683029174805,-6.139164924621582,7402400
0.2089611440896988,-1.3487401008605957,0.0,-3.42757511138916,-4.567354202270508,7411200
0.019801456481218338,-1.3489041328430176,0.0,-5.8881635665893555,-7.217266082763672,7420800
0.6018283367156982,-1.3492006063461304,11.0,6.4913105964660645,5.743937969207764,7429600
0.011971715837717056,-1.3485221862792969,0.0,-3.9214794635772705,-5.258029937744141,7439200
0.6980048418045044,-1.3486939668655396,0.0,5.210197448730469,4.559508323669434,7448800
0.3829158544540405,-1.3490667343139648,2.200000047683716,0.9627928733825684,-0.003358006477355957,7457600
0.5963130593299866,-1.3491275310516357,0.20000000298023224,2.6838395595550537,1.9310250282287598,7467200
0.7259367108345032,-1.3493679761886597,0.0,6.311516284942627,5.688085079193115,7476800
0.013105039484798908,-1.349207878112793,0.5,-4.407744884490967,-5.743847846984863,7485600
0.036077819764614105,-1.3494471311569214,0.25,-7.282857418060303,-8.596226692199707,7496000
0.023211302235722542,-1.3496719598770142,0.3333333432674408,-6.268976211547852,-7.5954365730285645,7504800
0.2421005517244339,-1.3490804433822632,0.0,-4.052300930023193,-5.159280776977539,7514400
0.01873859576880932,-1.3496246337890625,0.0,-4.476590633392334,-5.80747652053833,7524000
0.44607803225517273,-1.350302815437317,0.0,0.9732826352119446,0.06905782222747803,7533600
0.11462658643722534,-1.3497045040130615,5.5,-4.685375690460205,-5.920454025268555,7542400
1.366904616355896,-1.3498893976211548,7.333333492279053,19.462020874023438,19.479036331176758,7552000
0.8958583474159241,-1.3501696586608887,6.0,10.752779960632324,10.298469543457031,7561600
1.2106852531433105,-1.3497350215911865,3.0,10.81442928314209,10.675378799438477,7570400
0.8337006568908691,-1.3497741222381592,1.0,7.905618190765381,7.389544486999512,7580000
0.02121722511947155,-1.349955677986145,0.0,-6.013952732086182,-7.342690944671631,7589600
1.0594228506088257,-1.3499308824539185,0.5,11.222572326660156,10.932064056396484,7599200
0.2916748523712158,-1.3497295379638672,0.25,-0.48468396067619324,-1.542738676071167,7608000
2.5942935943603516,-1.3494237661361694,4.0,40.03847122192383,41.28334426879883,7618400
0.03366932272911072,-1.3486324548721313,0.0,-7.96568489074707,-9.280648231506348,7627200
0.029776521027088165,-1.3487485647201538,0.0,-7.461557865142822,-8.780529975891113,7636000
0.5420183539390564,-1.3489278554916382,3.6666667461395264,5.249887466430664,4.4429779052734375,7646400
0.029474053531885147,-1.3489516973495483,0.0,-7.158088684082031,-8.47756576538086,7655200
0.015593372285366058,-1.3485413789749146,0.0,-4.733623504638672,-6.066571235656738,7664800
0.019654834643006325,-1.3493624925613403,0.0,-5.58065128326416,-6.910358905792236,7674400
0.04428212344646454,-1.3484324216842651,0.3333333432674408,-7.24045467376709,-8.544605255126953,7684000
0.013939843513071537,-1.3487452268600464,1.0,-4.26417350769043,-5.5989789962768555,7692800
1.0264474153518677,-1.348594069480896,0.0,11.590078353881836,11.267931938171387,7702400
0.014338018372654915,-1.348346471786499,0.0,-2.867607355117798,-4.201615810394287,7712000
0.7366223335266113,-1.3485804796218872,2.75,9.016779899597168,8.40482234954834,7720800
0.020723605528473854,-1.347800850868225,0.0,-4.446300506591797,-5.773377418518066,7730400
0.024197440594434738,-1.34860360622406,0.0,-3.9110217094421387,-5.2354278564453125,7740000
0.3430929183959961,-1.3484899997711182,5.5,-0.6940039396286011,-1.6994010210037231,7748800
0.9582526087760925,-1.3478180170059204,0.0,12.577197074890137,12.187631607055664,7758400
0.39081382751464844,-1.348134994506836,0.0,-2.0817818641662598,-3.0391030311584473,7768000
0.49323225021362305,-1.348207950592041,0.0,3.173768997192383,2.318793296813965,7776800
0.39160871505737305,-1.34797203540802,11.0,2.102938175201416,1.146574854850769,7786400
0.016878332942724228,-1.3481030464172363,0.5,-4.4819655418396,-5.813190460205078,7796000
0.8479738831520081,-1.3475821018218994,5.5,11.288628578186035,10.789020538330078,7805600
0.015341220423579216,-1.348501205444336,0.0,-4.236690521240234,-5.569850444793701,7815200
0.026590416207909584,-1.3489221334457397,0.0,-4.293208599090576,-5.615540504455566,7824000
0.5143406987190247,-1.34893798828125,0.0,0.2382589429616928,-0.5963383316993713,7833600
0.024991894140839577,-1.3488521575927734,0.5,-4.168029308319092,-5.491889476776123,7843200
0.635848343372345,-1.348793625831604,4.0,6.231898784637451,5.518953800201416,7852800
1.6031819581985474,-1.3490667343139648,0.0,13.684052467346191,13.938167572021484,7861600
0.018810955807566643,-1.3488695621490479,0.0,-5.663410186767578,-6.99346923828125,7870400
0.015443435870110989,-1.3489301204681396,0.0,-4.986396789550781,-6.319883346557617,7880000
0.021903248503804207,-1.3484116792678833,0.0,-5.551671028137207,-6.878179550170898,7888800
0.876944899559021,-1.3490087985992432,4.0,7.396154403686523,6.924090385437012,7898400
0.3961946368217468,-1.3487489223480225,11.0,2.2483930587768555,1.2958388328552246,7908000
0.7082166075706482,-1.348297357559204,0.0,5.284978866577148,4.644898414611816,7917600
0.3523707687854767,-1.3491026163101196,0.0,-1.409529685974121,-2.406261444091797,7926400
0.7065313458442688,-1.3485816717147827,2.75,3.537667751312256,2.8956174850463867,7936800
0.04969444498419762,-1.348829746246338,0.0,-8.152637481689453,-9.451772689819336,7945600
0.7805386781692505,-1.3487638235092163,5.5,7.009127616882324,6.440902233123779,7954400
0.02843737043440342,-1.3486201763153076,0.0,-5.865551471710205,-7.185734748840332,7964800
0.024898478761315346,-1.3487040996551514,0.0,-5.423348903656006,-6.747154235839844,7973600
0.024265997111797333,-1.3481433391571045,0.25,-6.943328380584717,-8.267206192016602,7983200
0.6022874116897583,-1.3482681512832642,11.0,4.402841091156006,3.6568603515625,7992800
0.017722250893712044,-1.3481272459030151,0.0,-4.038768291473389,-5.369173526763916,8001600
0.0336671806871891,-1.3476766347885132,0.25,-7.6257781982421875,-8.939787864685059,8011200
0.013690691441297531,-1.3478842973709106,0.0,-4.974113464355469,-6.30830717086792,8020800
0.007956864312291145,-1.3480983972549438,0.0,-3.60368275642395,-4.943824291229248,8030400
0.00764149846509099,-1.34770929813385,1.0,-3.9903273582458496,-5.330395221710205,8039200
0.023808619007468224,-1.347913146018982,0.0,-5.698765277862549,-7.022870063781738,8048800
0.017732765525579453,-1.3483526706695557,0.0,-5.086241722106934,-6.416861534118652,8058400
0.02420005574822426,-1.3478258848190308,0.0,-6.234216690063477,-7.55784273147583,8067200
0.01910179853439331,-1.3486191034317017,0.0,-4.438675880432129,-5.768193244934082,8076800
0.7368411421775818,-1.3486709594726562,0.0,6.259734153747559,5.647904396057129,8086400
0.303398996591568,-1.3481141328811646,0.20000000298023224,-2.7584388256073,-3.8031539916992188,8096000
0.01590448059141636,-1.3477898836135864,0.0,-4.230660915374756,-5.562546253204346,8104800
0.021306298673152924,-1.347664475440979,0.0,-3.838444471359253,-5.164802551269531,8114400
0.0317387580871582,-1.3494638204574585,0.0,-7.036195278167725,-8.353919982910156,8123200
0.7659980654716492,-1.3484622240066528,0.0,8.001785278320312,7.419321060180664,8132800
0.015865955501794815,-1.3463767766952515,0.0,-4.22693395614624,-5.557445049285889,8142400
0.1659286916255951,-1.3480443954467773,0.0,-5.443902969360352,-6.626018524169922,8152000
0.024653270840644836,-1.3475571870803833,0.0,-6.231264591217041,-7.554168224334717,8160800
0.7024610042572021,-1.3472003936767578,0.0,5.969531059265137,5.32479190826416,8171200
0.012879478745162487,-1.346773386001587,0.0,-4.867660999298096,-6.201555252075195,8180000
0.7246713638305664,-1.3471430540084839,1.8333333730697632,6.742356300354004,6.119884490966797,8189600
0.028353620320558548,-1.3484842777252197,0.0,-6.02303409576416,-7.343164443969727,8199200
0.021225236356258392,-1.3478927612304688,0.0,-5.539663314819336,-6.866330623626709,8208000
0.029967688024044037,-1.3470629453659058,0.0,-6.568308353424072,-7.885403633117676,8217600
2.1714093685150146,-1.3479589223861694,0.0,33.004966735839844,33.82841873168945,8227200
0.015337418764829636,-1.3483113050460815,0.0,-5.0886759757995605,-6.421649932861328,8236000
0.01678752899169922,-1.3471919298171997,0.6666666865348816,-5.49994421005249,-6.830348491668701,8245600
0.01756151206791401,-1.3465477228164673,0.0,-5.506563186645508,-6.835549354553223,8255200
0.6201730966567993,-1.3468507528305054,0.0,0.8900634050369263,0.16338574886322021,8264000
0.017598025500774384,-1.3470209836959839,0.0,-5.032474994659424,-6.361897945404053,8273600
0.0163122471421957,-1.3479810953140259,0.5,-4.429107666015625,-5.760776519775391,8282400
0.4737970530986786,-1.3480552434921265,13.0,1.7927418947219849,0.9184836149215698,8291200
0.8753925561904907,-1.3485500812530518,0.3333333432674408,9.22702407836914,8.753867149353027,8300800
0.00838152039796114,-1.3469804525375366,0.0,-3.128279209136963,-4.4668779373168945,8310400
0.025097979232668877,-1.348084807395935,0.0,-5.183964252471924,-6.506951332092285,8319200
0.018067389726638794,-1.3473927974700928,0.5,-4.351407527923584,-5.680732727050781,8328800
0.010949280112981796,-1.348474144935608,1.0,-3.4519577026367188,-4.789482593536377,8338400
1.4908156394958496,-1.3481652736663818,0.5,15.566071510314941,15.708721160888672,8347200
0.35313352942466736,-1.3479907512664795,0.0,1.9593437910079956,0.9644865989685059,8356000
1.2593272924423218,-1.348002552986145,0.0,14.56169319152832,14.473017692565918,8365600
0.021340152248740196,-1.347425937652588,0.0,-6.066309452056885,-7.39239501953125,8375200
0.020070472732186317,-1.3473294973373413,0.0,-5.176036357879639,-6.503295421600342,8384000
0.02205255813896656,-1.3476545810699463,0.0,-5.376267433166504,-6.701869010925293,8393600
0.01727958209812641,-1.348429799079895,0.0,-3.494182825088501,-4.825333118438721,8403200
0.02664552815258503,-1.348124623298645,0.0,-5.064650535583496,-6.386129379272461,8412000
0.027693361043930054,-1.3475288152694702,0.0,-5.088835716247559,-6.4086713790893555,8421600
0.035738129168748856,-1.347683072090149,0.3333333432674408,-7.100352764129639,-8.412298202514648,8430400
0.02133972942829132,-1.3475381135940552,0.0,-6.185395240783691,-7.511593341827393,8440000
0.022369196638464928,-1.3476687669754028,0.0,-4.867238998413086,-6.192538261413574,8448800
0.007655402645468712,-1.3482939004898071,0.0,-3.7070200443267822,-5.047658443450928,8458400
1.1657001972198486,-1.3482874631881714,0.0,16.230138778686523,16.04755210876465,8467200
0.39383700489997864,-1.3481686115264893,0.0,-0.31448009610176086,-1.2688117027282715,8476800
1.009041428565979,-1.3483515977859497,0.0,12.298322677612305,11.959012985229492,8485600
0.6276221871376038,-1.3475863933563232,2.200000047683716,5.113232135772705,4.393267631530762,8494400
0.014719393104314804,-1.3479169607162476,0.0,-4.541412353515625,-5.87460994720459,8503200
0.5407910943031311,-1.3489596843719482,0.3333333432674408,1.7669339179992676,0.9587652683258057,8512800
0.01939874142408371,-1.348642110824585,0.0,-5.778879642486572,-7.108122825622559,8521600
0.0210564061999321,-1.3477940559387207,0.0,-5.5591559410095215,-6.885893821716309,8530400
1.354267954826355,-1.347731590270996,11.0,17.782020568847656,17.788555145263672,8540000
0.01924801804125309,-1.348114252090454,0.0,-4.812112331390381,-6.140978813171387,8548800
0.03220052644610405,-1.3477789163589478,0.25,-7.125940322875977,-8.441518783569336,8557600
0.016373591497540474,-1.3479464054107666,0.0,-4.698012351989746,-6.029584884643555,8567200
0.008967135101556778,-1.3478162288665771,0.0,-3.334468126296997,-4.673316955566406,8576000
0.01141910720616579,-1.3492650985717773,0.0,-4.331075668334961,-5.66892147064209,8585600
0.024854639545083046,-1.3484704494476318,0.3333333432674408,-6.413516521453857,-7.7371320724487305,8594400
0.022449081763625145,-1.3484090566635132,0.0,-4.919149398803711,-6.245109558105469,8603200
0.6178336143493652,-1.3486621379852295,0.3333333432674408,7.18198823928833,6.451159477233887,8612800
0.021267026662826538,-1.349061369895935,0.0,-4.356660842895508,-5.684455394744873,8621600
0.8373779654502869,-1.348158359527588,5.5,11.786493301391602,11.275712966918945,8631200
0.02525731921195984,-1.3482998609542847,1.0,-5.897208213806152,-7.220251083374023,8640000
1.3004493713378906,-1.3483654260635376,3.0,18.229799270629883,18.181882858276367,8649600
0.030416596680879593,-1.348440408706665,0.0,-7.421465873718262,-8.739489555358887,8658400
0.043696850538253784,-1.3480881452560425,0.0,-8.336055755615234,-9.640447616577148,8668000
0.03417596593499184,-1.3478080034255981,0.0,-7.305007457733154,-8.618639945983887,8676800
0.042924560606479645,-1.3483641147613525,0.0,-6.202239990234375,-7.5076799392700195,8686400
0.2556248605251312,-1.3472214937210083,0.0,-2.476081609725952,-3.567678451538086,8695200
0.5849875807762146,-1.3474678993225098,0.0,-1.7895623445510864,-2.5520427227020264,8704000
0.048610858619213104,-1.3474597930908203,0.0,-8.729299545288086,-10.028148651123047,8712800
0.059440311044454575,-1.3474456071853638,0.0,-9.700815200805664,-10.98882007598877,8722400
0.24975666403770447,-1.3480358123779297,3.0,-2.739708662033081,-3.8379878997802734,8731200
0.6395885944366455,-1.3481742143630981,3.6666667461395264,-0.15596428513526917,-0.8645498752593994,8740800
0.9807580709457397,-1.3481104373931885,0.0,4.209990978240967,3.8426387310028076,8750400
0.6816340088844299,-1.3487006425857544,5.5,6.854622840881348,6.187556266784668,8759200
0.033432841300964355,-1.3476722240447998,0.0,-6.253404140472412,-7.567643165588379,8768000
0.04766456410288811,-1.3476709127426147,0.20000000298023224,-8.901028633117676,-10.201034545898438,8776800
1.0847527980804443,-1.3479804992675781,0.0,7.248962879180908,6.985734939575195,8786400
0.0501725897192955,-1.3480033874511719,0.0,-8.94368839263916,-10.2415189743042,8795200
0.03431584686040878,-1.348587155342102,0.0,-5.63787841796875,-6.952149391174316,8804800
0.03870009630918503,-1.348600149154663,0.0,-7.392333984375,-8.702234268188477,8814400
1.094929575920105,-1.348132848739624,0.0,11.881996154785156,11.628792762756348,8823200
0.014035753905773163,-1.3482316732406616,0.0,-5.412532329559326,-6.746728420257568,8832000
0.04976822808384895,-1.3491592407226562,0.0,-6.641129016876221,-7.9405198097229,8841600
0.03577912226319313,-1.3483669757843018,0.0,-6.071043491363525,-7.383631706237793,8850400
0.024930518120527267,-1.347615122795105,0.3333333432674408,-5.8569722175598145,-7.179656982421875,8860000
0.8170971870422363,-1.3484171628952026,5.5,11.18581485748291,10.654495239257812,8868800
0.03238185867667198,-1.3480114936828613,0.0,-5.311713695526123,-6.62734317779541,8878400
1.0523474216461182,-1.3485331535339355,0.0,10.077058792114258,9.780872344970703,8887200
0.23145221173763275,-1.3482232093811035,11.0,-5.337688446044922,-6.4544596672058105,8896800
0.015838585793972015,-1.348145604133606,0.0,-3.6002614498138428,-4.932568550109863,8905600
1.2050317525863647,-1.3487398624420166,0.0,14.02115249633789,13.87744426727295,8915200
0.018352800980210304,-1.3483185768127441,0.0,-3.3104708194732666,-4.64043664932251,8924000
0.2231491655111313,-1.3485313653945923,0.3333333432674408,-4.298725128173828,-5.424107074737549,8932800
0.587885856628418,-1.3492432832717896,2.200000047683716,0.5090463161468506,-0.252311110496521,8942400
0.7698370814323425,-1.347187876701355,11.0,10.990983009338379,10.4136323928833,8952000
2.0440053939819336,-1.3486841917037964,0.0,29.78379249572754,30.47911262512207,8960800
0.03295197710394859,-1.3478646278381348,1.0,-6.483094692230225,-7.798007488250732,8970400
0.749060332775116,-1.3487768173217773,0.0,6.326237678527832,5.726521015167236,8979200
0.5225061774253845,-1.3482296466827393,2.4000000953674316,2.80291485786438,1.97719144821167,8988800
0.03911428526043892,-1.3485071659088135,0.0,-6.343214988708496,-7.6526079177856445,8997600
0.015622167848050594,-1.3480334281921387,0.25,-5.719305515289307,-7.0517168045043945,9007200
0.6798409223556519,-1.3489611148834229,5.5,7.162947654724121,6.493827819824219,9016000
0.5454965829849243,-1.3490570783615112,3.6666667461395264,4.681520462036133,3.877959728240967,9025600
0.5120291709899902,-1.3471888303756714,5.5,3.7913155555725098,2.956155776977539,9035200
0.934586763381958,-1.3489184379577637,0.0,8.152889251708984,7.7385573387146,9044800
0.2130485624074936,-1.3488510847091675,0.0,-2.1982738971710205,-3.334076404571533,9053600
0.023561611771583557,-1.3484971523284912,0.0,-5.948069095611572,-7.273004531860352,9062400
0.6949326395988464,-1.3486313819885254,11.0,7.0760345458984375,6.422335624694824,9072000
0.050754718482494354,-1.3479268550872803,0.0,-7.882686138153076,-9.179858207702637,9081600
0.01916307583451271,-1.3480799198150635,0.0,-4.99855375289917,-6.327470779418945,9090400
0.016648370772600174,-1.3485908508300781,0.5,-4.298931121826172,-5.630873680114746,9100000
0.01574218086898327,-1.3483483791351318,0.0,-4.980600357055664,-6.313206672668457,9109600
0.01301109604537487,-1.3479033708572388,0.0,-4.202354431152344,-5.5372467041015625,9118400
0.012440133839845657,-1.3481894731521606,0.0,-4.95697546005249,-6.292724609375,9127200
0.022031467407941818,-1.3474668264389038,0.0,-5.435539245605469,-6.760974884033203,9136800
0.01696252077817917,-1.3484790325164795,0.0,-4.471469879150391,-5.802986145019531,9146400
0.42287442088127136,-1.3480080366134644,0.25,-2.7146193981170654,-3.6397528648376465,9155200
0.02680596150457859,-1.3486104011535645,0.0,-6.248310089111328,-7.570114612579346,9164000
0.01021235715597868,-1.349285364151001,0.0,-3.943324089050293,-5.282397270202637,9174400
0.03911745920777321,-1.3482824563980103,0.0,-7.538485050201416,-8.847650527954102,9183200
0.01112512405961752,-1.348658561706543,0.0,-4.492423057556152,-5.829956531524658,9192000
0.01726514659821987,-1.3481333255767822,0.0,-3.7854716777801514,-5.116339683532715,9201600
0.014155346900224686,-1.348207950592041,0.0,-3.799088478088379,-5.133141040802002,9210400
0.028018660843372345,-1.3486237525939941,1.0,-6.2251996994018555,-7.545804977416992,9220000
0.7482883930206299,-1.3485867977142334,11.0,6.945518493652344,6.345219612121582,9228800
0.8412970304489136,-1.3489339351654053,4.400000095367432,7.779068946838379,7.271431922912598,9238400
0.9428459405899048,-1.3483070135116577,0.0,11.10705852508545,10.701598167419434,9247200
0.032296326011419296,-1.3486182689666748,0.0,-6.926882266998291,-8.243204116821289,9256800
1.0112850666046143,-1.3489238023757935,0.0,9.097105979919434,8.759467124938965,9265600
0.0197617057710886,-1.347944974899292,0.0,-5.23837423324585,-6.566557884216309,9275200
3.71791672706604,-1.3488067388534546,5.75,41.44017791748047,43.809288024902344,9284000
0.7938366532325745,-1.348310112953186,4.400000095367432,7.087100028991699,6.532626628875732,9292800
1.341910719871521,-1.348859429359436,5.5,17.413286209106445,17.40633773803711,9302400
0.5807290077209473,-1.3483413457870483,11.0,1.7843033075332642,1.0166908502578735,9311200
0.02199424058198929,-1.348825454711914,0.0,-6.369121074676514,-7.695952415466309,9320800
0.041173502802848816,-1.3484828472137451,0.0,-7.851464748382568,-9.158774375915527,9330400
0.019765859469771385,-1.3493729829788208,0.0,-4.449716567993164,-5.779323577880859,9339200
0.024613788351416588,-1.3488736152648926,1.0,-5.2016801834106445,-6.52593994140625,9348800
1.681080937385559,-1.34927499294281,12.0,21.77196502685547,22.103771209716797,9358400
0.04886513203382492,-1.3482706546783447,0.0,-8.6853609085083,-9.984766006469727,9367200
0.0627480000257492,-1.3492991924285889,0.0,-9.307382583618164,-10.593934059143066,9376800
0.04015343636274338,-1.3486183881759644,1.0,-8.019638061523438,-9.328103065490723,9386400
0.02676968276500702,-1.3486839532852173,0.0,-5.769552230834961,-7.091466426849365,9395200
0.016782360151410103,-1.3485859632492065,0.0,-5.739343166351318,-7.0711469650268555,9404800
0.040846094489097595,-1.3486301898956299,0.0,-6.848424911499023,-8.156208992004395,9413600
0.03434508666396141,-1.3490984439849854,0.0,-7.261645793914795,-8.576398849487305,9423200
0.8771756887435913,-1.3487235307693481,11.0,6.739755153656006,6.268207550048828,9432800
0.06273142248392105,-1.3485217094421387,0.0,-9.821450233459473,-11.107240676879883,9441600
0.02672758884727955,-1.3481941223144531,1.0,-5.484610080718994,-6.806076526641846,9451200
0.04605588689446449,-1.3487969636917114,0.20000000298023224,-7.304013729095459,-8.606755256652832,9460800
0.045181091874837875,-1.3485862016677856,0.0,-8.124643325805664,-9.428048133850098,9469600
0.03910699114203453,-1.3483270406723022,0.25,-8.257672309875488,-9.56689167022705,9479200
0.048338890075683594,-1.348840355873108,0.0,-7.139836311340332,-8.440338134765625,9488000
0.042830921709537506,-1.3487415313720703,0.0,-8.25690746307373,-9.56281852722168,9497600
0.022642167285084724,-1.3484399318695068,0.20000000298023224,-6.407286167144775,-7.733083724975586,9507200
1.7945491075515747,-1.348901391029358,3.6666667461395264,25.71983528137207,26.165483474731445,9516800
0.01793484203517437,-1.349204421043396,0.0,-5.583193302154541,-6.914463043212891,9525600
1.16287362575531,-1.3483096361160278,0.0,12.478753089904785,12.293316841125488,9535200
0.7438498735427856,-1.3487249612808228,6.0,4.310463905334473,3.7055888175964355,9544000
0.699356734752655,-1.348512053489685,0.3333333432674408,2.190321207046509,1.5411659479141235,9553600
0.5455836057662964,-1.3483690023422241,5.5,1.7481151819229126,0.9453297853469849,9562400
0.015830423682928085,-1.3484508991241455,0.0,-5.282956123352051,-6.61557674407959,9572000
0.03676311671733856,-1.3488610982894897,0.0,-7.71589994430542,-9.027997970581055,9581600
0.03939993679523468,-1.3488619327545166,0.0,-3.8204729557037354,-5.129935264587402,9590400
1.0708500146865845,-1.3490688800811768,4.0,10.720571517944336,10.442353248596191,9600000
0.14288215339183807,-1.3481106758117676,3.6666667461395264,-3.893294095993042,-5.098522663116455,9608800
0.0447736419737339,-1.348400354385376,0.25,-8.117175102233887,-9.420801162719727,9617600
0.7474108338356018,-1.3490077257156372,0.5,3.00260853767395,2.4010114669799805,9626400
1.2665091753005981,-1.3494126796722412,6.0,13.856236457824707,13.773332595825195,9636000
0.5949821472167969,-1.3490126132965088,1.7142857313156128,-0.721856951713562,-1.475887417793274,9645600
1.2592846155166626,-1.3490474224090576,5.5,10.082499504089355,9.99273681640625,9654400
0.060171741992235184,-1.3487794399261475,0.0,-9.183880805969238,-10.472488403320312,9663200
1.2524547576904297,-1.348897933959961,0.0,9.6463041305542,9.549860954284668,9672800
2.465172529220581,-1.3486671447753906,0.0,34.10415267944336,35.22065734863281,9682400
0.03788530081510544,-1.348370909690857,0.0,-8.010924339294434,-9.321410179138184,9692000
0.0385926254093647,-1.3487179279327393,0.0,-4.299079895019531,-5.60920524597168,9700800
0.048040784895420074,-1.348615288734436,1.0,-7.9643449783325195,-9.26491928100586,9710400
0.1597754806280136,-1.347872018814087,5.5,-5.657017707824707,-6.845114707946777,9720000
1.0149222612380981,-1.3477429151535034,0.5,7.896121501922607,7.563301086425781,9728800
1.483290672302246,-1.3483655452728271,5.5,16.991117477416992,17.126041412353516,9738400
0.03723028674721718,-1.3473848104476929,0.0,-5.581412315368652,-6.891566753387451,9747200
0.021135374903678894,-1.348767876625061,0.0,-5.926633834838867,-7.254266262054443,9756800
0.05298139154911041,-1.3490145206451416,0.0,-6.386429309844971,-7.682462692260742,9765600
0.04014302045106888,-1.3480687141418457,0.0,-7.162919044494629,-8.470844268798828,9775200
0.8693684935569763,-1.3489782810211182,0.3333333432674408,5.679655075073242,5.200045585632324,9784800
0.021644676104187965,-1.3491076231002808,0.20000000298023224,-6.092906951904297,-7.420370101928711,9793600
0.6232429146766663,-1.3488504886627197,0.0,-0.07034695148468018,-0.7959545254707336,9803200
0.04442601278424263,-1.3484444618225098,1.0,-7.805894374847412,-9.109912872314453,9811200
0.7967889904975891,-1.3482422828674316,0.0,1.4192367792129517,0.8677835464477539,9820800
0.024294191971421242,-1.348942518234253,0.0,-6.5818071365356445,-7.906455039978027,9830400
0.5286871790885925,-1.3477944135665894,2.200000047683716,0.2480546236038208,-0.571052610874176,9839200
0.019632408395409584,-1.3484890460968018,0.0,-5.653845310211182,-6.982702255249023,9848800
0.028386784717440605,-1.347894310951233,0.0,-5.924182415008545,-7.243690013885498,9857600
0.017426064237952232,-1.3483778238296509,0.0,-4.918275356292725,-6.249227046966553,9867200
0.015839798375964165,-1.3478230237960815,0.0,-5.53135347366333,-6.86333703994751,9876000
0.8122708201408386,-1.3482861518859863,0.0,5.82722806930542,5.291212558746338,9885600
1.0279515981674194,-1.3488672971725464,0.0,12.54727840423584,12.226362228393555,9895200
0.01584405079483986,-1.3488270044326782,0.0,-5.434063911437988,-6.767046928405762,9904000
0.04839838296175003,-1.3487379550933838,0.5,-8.453508377075195,-9.7538480758667,9913600
0.08735055476427078,-1.3479446172714233,0.0,-3.6081695556640625,-4.868763446807861,9922400
0.024234451353549957,-1.3478797674179077,0.0,-4.745968341827393,-6.069613933563232,9932000
0.19980190694332123,-1.348828911781311,5.5,-2.774512529373169,-3.923539638519287,9940800
0.015690859407186508,-1.3481483459472656,0.0,-5.616358757019043,-6.948816299438477,9950400
0.07253192365169525,-1.348470687866211,0.0,-10.146726608276367,-11.4226655960083,9960000
0.012545633129775524,-1.3481205701828003,1.0,-4.388122081756592,-5.723697185516357,9968800
0.012460033409297466,-1.348480463027954,0.0,-4.0883588790893555,-5.424379348754883,9978400
0.016685334965586662,-1.3484303951263428,2.0,-4.533385753631592,-5.865130424499512,9987200
0.3775727450847626,-1.3481957912445068,0.0,-5.2570319175720215,-6.227655410766602,9996800
0.26323726773262024,-1.3488365411758423,5.5,-2.717928647994995,-3.80352783203125,10005600
