baseline_loss,entropy_loss,mean_episode_return,pg_loss,total_loss,frame
6.3137006759643555,-0.3151651620864868,0.0,2.508368968963623,8.506903648376465,1600
11.38270378112793,-0.05834796279668808,0.0,-0.0264626182615757,11.297893524169922,8800
7.734048366546631,-0.4233097434043884,0.0,0.6958154439926147,8.00655460357666,19200
6.910538673400879,-0.48164641857147217,0.0,-1.2461590766906738,5.182733058929443,29600
1.5460004806518555,-0.7488628029823303,0.0,-1.5259647369384766,-0.7288270592689514,38400
0.2504149079322815,-0.9283633828163147,0.0,-2.4224436283111572,-3.1003921031951904,48000
0.24102482199668884,-0.8724932670593262,0.0,1.4749313592910767,0.8434629440307617,58400
0.287637323141098,-1.0711232423782349,0.5,1.4996411800384521,0.7161552906036377,68800
0.24269801378250122,-1.227589726448059,0.0,1.0942399501800537,0.10934817790985107,80000
0.2177572250366211,-1.2298139333724976,0.0,1.9186123609542847,0.9065557718276978,89600
0.44564539194107056,-1.0844320058822632,0.0,-1.3845398426055908,-2.0233263969421387,100800
0.2981058955192566,-1.1389293670654297,0.0,-1.4536936283111572,-2.2945170402526855,111200
0.27656251192092896,-1.178140640258789,0.0,3.478015422821045,2.57643723487854,121600
0.11835981905460358,-1.250482201576233,0.0,-1.4916354417800903,-2.623757839202881,132000
0.15957902371883392,-1.2632510662078857,0.0,2.011687755584717,0.9080157279968262,142400
0.26918545365333557,-1.2510861158370972,0.0,-1.414292812347412,-2.396193504333496,152800
0.13975858688354492,-1.2740118503570557,0.0,0.20200665295124054,-0.9322466254234314,162400
0.09485799074172974,-1.296429991722107,0.0,-1.3787243366241455,-2.580296516418457,173600
0.08374372869729996,-1.304052710533142,0.0,-2.529336452484131,-3.749645233154297,184000
0.06775198876857758,-1.3123798370361328,0.0,-0.20688627660274506,-1.4515141248703003,194400
0.18894432485103607,-1.3208274841308594,0.0,-9.875130653381348,-11.007014274597168,204800
0.17494581639766693,-1.297361135482788,0.0,-2.3939390182495117,-3.5163543224334717,216000
0.09497541934251785,-1.295581340789795,0.0,-1.1669857501983643,-2.367591619491577,225600
0.10106765478849411,-1.3196901082992554,0.0,0.7437735795974731,-0.4748488664627075,236800
0.09505453705787659,-1.324284315109253,0.0,-5.198537349700928,-6.427766799926758,247200
0.1111336201429367,-1.3132227659225464,0.0,-5.387531280517578,-6.589620590209961,256800
0.04032839462161064,-1.3269338607788086,0.0,-1.3728886842727661,-2.659494161605835,267200
0.5251181125640869,-1.3241829872131348,6.0,10.047666549682617,9.248601913452148,277600
0.12895222008228302,-1.3174879550933838,0.0,-5.401671886444092,-6.590208053588867,287200
0.37480366230010986,-1.3204915523529053,0.5,3.8266708850860596,2.8809831142425537,297600
0.26319611072540283,-1.3339688777923584,0.0,4.346946716308594,3.2761738300323486,307200
0.07210758328437805,-1.3271026611328125,0.0,-0.09136689454317093,-1.3463619947433472,316800
0.09231641888618469,-1.3362785577774048,0.0,-2.475689649581909,-3.719651699066162,327200
0.28565219044685364,-1.329364538192749,0.4000000059604645,6.107987880706787,5.064275741577148,338400
0.09737688302993774,-1.3364739418029785,0.0,-2.9067742824554443,-4.145871162414551,348000
0.03612262383103371,-1.3366682529449463,0.0,0.21513625979423523,-1.08540940284729,359200
0.7461944818496704,-1.3320071697235107,0.5,-2.9146461486816406,-3.5004589557647705,369600
0.3868648409843445,-1.3390867710113525,2.75,5.634241580963135,4.682019233703613,380000
0.43323633074760437,-1.3399255275726318,0.0,1.7016022205352783,0.7949130535125732,389600
0.07462471723556519,-1.33710777759552,0.0,-2.9701099395751953,-4.232593059539795,400800
0.5460364818572998,-1.3361843824386597,5.5,3.243467092514038,2.4533190727233887,411200
0.10671135783195496,-1.3281456232070923,0.0,-3.60906982421875,-4.830503940582275,420800
0.6529463529586792,-1.332008957862854,0.0,10.791001319885254,10.1119384765625,431200
0.027009131386876106,-1.3347153663635254,0.0,-0.05659084394574165,-1.3642970323562622,442400
0.2862761318683624,-1.333233118057251,2.75,0.5763453245162964,-0.47061169147491455,452800
0.03140990063548088,-1.3341741561889648,0.0,-1.3914568424224854,-2.694221019744873,464000
0.0771256685256958,-1.3370661735534668,0.0,-3.4867448806762695,-4.74668550491333,474400
0.0559232160449028,-1.335321307182312,1.0,-2.935746669769287,-4.215144634246826,484800
0.38072311878204346,-1.3376598358154297,0.0,1.2921613454818726,0.33522462844848633,495200
0.028121717274188995,-1.333857536315918,0.0,-0.5520821809768677,-1.8578180074691772,506400
0.03344496339559555,-1.3302979469299316,0.1666666716337204,-1.418612003326416,-2.7154650688171387,516800
0.023971520364284515,-1.3353631496429443,0.0,-3.2327005863189697,-4.544092178344727,528000
0.05503343418240547,-1.3391985893249512,0.0,-6.668896675109863,-7.953062057495117,539200
0.3354042172431946,-1.335834264755249,0.0,-0.6506284475326538,-1.6510584354400635,549600
0.7099713087081909,-1.3344686031341553,0.0,12.072964668273926,11.448467254638672,560000
0.0110996775329113,-1.3368875980377197,0.0,-0.6617907881736755,-1.9875786304473877,570400
0.24990437924861908,-1.3356568813323975,0.5,3.5011403560638428,2.4153878688812256,581600
0.11479850858449936,-1.335672378540039,1.0,-6.647325038909912,-7.868198871612549,592000
0.27567392587661743,-1.3353376388549805,0.3333333432674408,1.1616896390914917,0.10202598571777344,603200
0.21671593189239502,-1.332167148590088,0.75,1.4904913902282715,0.3750401735305786,614400
0.944583535194397,-1.3375712633132935,5.5,15.013531684875488,14.62054443359375,624800
0.04893358051776886,-1.3351151943206787,1.0,-4.8662896156311035,-6.152471542358398,635200
0.2080288976430893,-1.3382594585418701,12.0,-1.6738098859786987,-2.8040404319763184,646400
0.2421136051416397,-1.336258053779602,3.6666667461395264,0.9737680554389954,-0.1203763484954834,657600
0.032833948731422424,-1.3312597274780273,0.0,-1.819157600402832,-3.1175832748413086,668000
0.8882027864456177,-1.3297683000564575,2.0,15.05229377746582,14.61072826385498,677600
0.2533858120441437,-1.3198394775390625,11.0,-0.6041984558105469,-1.670652151107788,688800
0.012425251305103302,-1.3281692266464233,0.0,-2.304499864578247,-3.620244026184082,699200
0.052639689296483994,-1.3262155055999756,0.3333333432674408,-6.570201873779297,-7.843777656555176,710400
0.3417913317680359,-1.3301067352294922,1.8333333730697632,5.395816326141357,4.407500743865967,720800
0.03275696933269501,-1.3267203569412231,0.0,-4.8377685546875,-6.131731986999512,732000
0.02650506980717182,-1.325480341911316,0.0,-3.782161235809326,-5.081136703491211,743200
0.016863083466887474,-1.33054780960083,0.0,-1.5801689624786377,-2.8938536643981934,754400
0.01162649504840374,-1.3358228206634521,0.0,0.08000698685646057,-1.2441893815994263,764800
0.20538263022899628,-1.3411023616790771,0.0,1.3707196712493896,0.2349998950958252,775200
0.040435194969177246,-1.336586833000183,0.0,-6.166965484619141,-7.4631171226501465,785600
0.015801673755049706,-1.329520583152771,0.0,-0.6231094002723694,-1.936828374862671,796000
0.3418874740600586,-1.3322112560272217,0.5,6.009270668029785,5.018946647644043,806400
0.005427887663245201,-1.3359031677246094,0.0,-0.1835869550704956,-1.5140622854232788,816000
0.2713252902030945,-1.3357937335968018,3.6666667461395264,2.405691146850586,1.3412227630615234,827200
0.43452954292297363,-1.3390872478485107,0.0,6.185256481170654,5.280698776245117,837600
0.008593382313847542,-1.34026300907135,1.0,-1.2866630554199219,-2.618332624435425,848800
0.03197474032640457,-1.3415199518203735,0.0,-6.155622959136963,-7.465167999267578,859200
0.47311118245124817,-1.3427760601043701,5.5,4.733061790466309,3.8633968830108643,869600
0.017334232106804848,-1.3421130180358887,0.0,-3.742854118347168,-5.067632675170898,880000
0.3669506013393402,-1.3394315242767334,5.5,2.6343069076538086,1.6618258953094482,890400
0.02732742391526699,-1.3429750204086304,0.0,-3.984426736831665,-5.300074100494385,900800
0.008071091957390308,-1.3430383205413818,0.5,-0.6996069550514221,-2.034574270248413,911200
0.009839368984103203,-1.344340205192566,0.3333333432674408,-0.6414378881454468,-1.9759387969970703,921600
0.031081097200512886,-1.3446660041809082,0.0,-5.582555770874023,-6.8961405754089355,932800
0.014543598517775536,-1.3436763286590576,0.0,-2.1719374656677246,-3.501070261001587,942400
0.22864368557929993,-1.3444780111312866,5.5,-2.3776538372039795,-3.493488311767578,952800
0.005451879929751158,-1.3452221155166626,0.0,0.6041841506958008,-0.7355861067771912,963200
0.17069393396377563,-1.34748375415802,0.0,-3.3671178817749023,-4.543907642364502,974400
0.006276268977671862,-1.3471119403839111,0.0,-0.18600034713745117,-1.5268360376358032,984800
0.47712796926498413,-1.3418208360671997,0.3333333432674408,7.04791259765625,6.183219909667969,995200
0.027355631813406944,-1.3438973426818848,0.0,-4.308862209320068,-5.625403881072998,1004800
0.014107895083725452,-1.3475310802459717,0.0,-2.2907843589782715,-3.6242074966430664,1016000
0.05967358872294426,-1.3468937873840332,0.0,-9.012882232666016,-10.300102233886719,1025600
0.6183899641036987,-1.3495407104492188,0.0,9.588542938232422,8.857392311096191,1036800
0.008487786166369915,-1.3470919132232666,0.0,-0.12294396758079529,-1.461548089981079,1047200
0.42408111691474915,-1.3483232259750366,0.0,3.533806562423706,2.6095643043518066,1058400
0.009532078169286251,-1.347438931465149,0.0,-1.7401329278945923,-3.0780396461486816,1068000
0.005516917444765568,-1.3480453491210938,0.0,-0.9492070078849792,-2.2917354106903076,1078400
0.25799593329429626,-1.346657395362854,6.0,-0.6292405128479004,-1.7179019451141357,1088800
1.0416923761367798,-1.3441059589385986,6.0,15.586945533752441,15.284531593322754,1098400
0.010675868950784206,-1.3458818197250366,0.0,-1.5865482091903687,-2.9217541217803955,1108800
0.017985712736845016,-1.3484214544296265,0.0,-4.891761779785156,-6.222197532653809,1120000
0.4168264865875244,-1.3472602367401123,0.0,4.648880481719971,3.718446969985962,1129600
0.027109723538160324,-1.3455440998077393,0.0,-5.697213649749756,-7.015647888183594,1140000
0.5556910634040833,-1.3467566967010498,0.0,8.390023231506348,7.598957061767578,1150400
0.009038206189870834,-1.3456138372421265,1.0,-3.121507406234741,-4.458083152770996,1160800
0.6694530844688416,-1.347118854522705,0.0,2.679446220397949,2.0017805099487305,1172000
0.007989492267370224,-1.3470672369003296,0.0,-1.8054112195968628,-3.14448881149292,1182400
0.022453051060438156,-1.347084879875183,0.0,-6.029882907867432,-7.354515075683594,1192800
0.12756933271884918,-1.3452924489974976,1.0,-14.963659286499023,-16.18138313293457,1203200
0.4608977437019348,-1.3458398580551147,3.6666667461395264,9.00993824005127,8.124996185302734,1213600
0.3364560008049011,-1.345031499862671,0.0,1.6577345132827759,0.6491589546203613,1224000
0.04733321815729141,-1.3464349508285522,1.0,-8.996759414672852,-10.29586124420166,1235200
0.6961914300918579,-1.346011757850647,4.0,5.005478382110596,4.355658054351807,1245600
0.06944003701210022,-1.3462618589401245,0.0,-10.007353782653809,-11.284175872802734,1255200
0.0738203227519989,-1.3418560028076172,1.8333333730697632,-8.415253639221191,-9.683289527893066,1265600
0.01205238327383995,-1.3406333923339844,0.0,-3.029928207397461,-4.358509063720703,1276000
0.013542048633098602,-1.344257116317749,0.0,-3.3729567527770996,-4.703671932220459,1286400
0.003579134587198496,-1.346038818359375,0.0,-0.16838817298412323,-1.510847806930542,1297600
0.004526295233517885,-1.3464150428771973,0.0,-0.6482489109039307,-1.9901375770568848,1307200
0.004980304278433323,-1.3459763526916504,0.0,-1.2400707006454468,-2.581066608428955,1318400
0.3772362172603607,-1.346029281616211,0.0,3.489553213119507,2.5207600593566895,1328000
0.013562199659645557,-1.3464726209640503,0.0,-3.58943247795105,-4.922342777252197,1339200
0.03663457930088043,-1.345967173576355,0.0,-6.80995512008667,-8.119287490844727,1349600
1.350554347038269,-1.3454655408859253,0.0,22.44231414794922,22.447402954101562,1360000
0.00791217666119337,-1.3427724838256836,0.0,-2.8728480339050293,-4.207708358764648,1370400
0.0015030528884381056,-1.3444918394088745,0.0,-0.4989269971847534,-1.8419158458709717,1380000
0.008631578646600246,-1.3426415920257568,0.0,-2.7078514099121094,-4.041861534118652,1390400
0.00301021127961576,-1.3443493843078613,0.0,-0.7634419202804565,-2.104781150817871,1400800
0.7181302309036255,-1.3370106220245361,4.666666507720947,9.272335052490234,8.653454780578613,1412000
0.4561328589916229,-1.3442350625991821,0.20000000298023224,4.471559524536133,3.5834574699401855,1422400
0.005883742123842239,-1.3451744318008423,0.0,-2.6616761684417725,-4.000967025756836,1433600
0.06577632576227188,-1.3451392650604248,0.5,-3.324807643890381,-4.604170799255371,1444000
0.9185400605201721,-1.3438215255737305,0.0,8.81711196899414,8.391830444335938,1454400
0.3701643943786621,-1.344259262084961,3.6666667461395264,3.5838093757629395,2.6097145080566406,1464800
0.5340690612792969,-1.3439375162124634,0.0,4.920162200927734,4.110293865203857,1476000
0.37307727336883545,-1.3438191413879395,0.0,2.768118381500244,1.7973766326904297,1486400
0.9642612934112549,-1.3436394929885864,2.75,16.670324325561523,16.29094696044922,1496800
0.0050793057307600975,-1.3446518182754517,0.0,-2.4264392852783203,-3.7660117149353027,1508000
1.0291775465011597,-1.3464829921722412,3.6666667461395264,13.651460647583008,13.334155082702637,1518400
0.007428070995956659,-1.3461415767669678,0.3333333432674408,-3.153120279312134,-4.491833686828613,1528800
0.4753393232822418,-1.3466343879699707,0.0,1.1182092428207397,0.24691414833068848,1540000
0.030594799667596817,-1.3455826044082642,0.0,-7.474047660827637,-8.78903579711914,1550400
0.011706768535077572,-1.3444546461105347,0.0,-3.60522723197937,-4.93797492980957,1560800
0.37063097953796387,-1.3455963134765625,0.25,2.1468567848205566,1.171891450881958,1572000
0.005264339968562126,-1.3441152572631836,0.0,-0.45080071687698364,-1.78965163230896,1582400
0.22741490602493286,-1.3442862033843994,0.0,-2.1698920726776123,-3.2867634296417236,1593600
0.008891059085726738,-1.3436532020568848,0.5,-1.9837756156921387,-3.318537712097168,1604800
0.0039461818523705006,-1.344015121459961,0.0,-0.7711565494537354,-2.1112256050109863,1615200
0.012109501287341118,-1.3439009189605713,0.0,-3.632051467895508,-4.963842868804932,1626400
0.32840704917907715,-1.3441270589828491,0.5,-3.004265069961548,-4.019985198974609,1637600
0.3316856622695923,-1.3454318046569824,11.0,2.68813157081604,1.6743855476379395,1648000
0.005366842728108168,-1.3461956977844238,0.0,-0.39393454790115356,-1.7347633838653564,1658400
0.01763846166431904,-1.3467191457748413,0.0,-5.7932233810424805,-7.1223039627075195,1669600
0.005607926286756992,-1.3455488681793213,1.0,-1.9102630615234375,-3.250204086303711,1680800
0.009336559101939201,-1.3443622589111328,0.0,-3.4604709148406982,-4.795496940612793,1692000
0.03639138117432594,-1.3450183868408203,0.0,-8.062760353088379,-9.371387481689453,1702400
0.017187824472784996,-1.3435540199279785,0.0,-4.545709609985352,-5.872076034545898,1712800
0.0037955401930958033,-1.3447270393371582,0.0,-0.8258302807807922,-2.166761875152588,1723200
0.006655392702668905,-1.3447704315185547,0.5,-3.0464179515838623,-4.384532928466797,1733600
0.007264084182679653,-1.346374750137329,0.0,-3.190601348876953,-4.529711723327637,1744000
0.006331490818411112,-1.3454530239105225,0.0,-2.939335346221924,-4.278456687927246,1754400
0.009977041743695736,-1.3459320068359375,0.0,-3.3254547119140625,-4.661409378051758,1765600
0.28743836283683777,-1.3472862243652344,0.0,2.1284518241882324,1.0686039924621582,1776000
1.0829780101776123,-1.346859097480774,7.333333492279053,14.4784517288208,14.214570999145508,1786400
0.6100097298622131,-1.3462191820144653,5.5,5.542003154754639,4.805793762207031,1797600
0.5996119976043701,-1.346364140510559,0.4000000059604645,1.90558922290802,1.1588371992111206,1808000
0.0034154774621129036,-1.3452383279800415,0.0,-2.096710681915283,-3.438533306121826,1818400
0.6718316674232483,-1.3450819253921509,0.0,8.992776870727539,8.319526672363281,1829600
0.012291834689676762,-1.345395803451538,0.5,-4.648794174194336,-5.981898307800293,1840000
0.35783225297927856,-1.3440983295440674,0.5,1.6804914474487305,0.6942253112792969,1850400
0.0068692900240421295,-1.3440498113632202,0.0,-1.87396240234375,-3.2111430168151855,1860800
0.004669074900448322,-1.3452527523040771,0.0,-2.606832504272461,-3.947416067123413,1871200
0.01014649122953415,-1.3440552949905396,0.0,-3.958894729614258,-5.292803764343262,1881600
0.9722395539283752,-1.3465038537979126,11.0,18.120195388793945,17.74593162536621,1892800
0.7001341581344604,-1.346650242805481,0.0,8.980908393859863,8.334392547607422,1903200
0.468465656042099,-1.3460919857025146,12.0,6.714130878448486,5.836504936218262,1913600
0.37714076042175293,-1.3447301387786865,0.6666666865348816,3.3683855533599854,2.4007961750030518,1924800
0.009604706428945065,-1.3464242219924927,0.3333333432674408,-3.604550361633301,-4.941370010375977,1935200
0.012091903947293758,-1.3450595140457153,0.0,-4.854743957519531,-6.187711238861084,1945600
0.010090501047670841,-1.341880440711975,0.0,-3.778914213180542,-5.110703945159912,1956800
0.0028083398938179016,-1.3433074951171875,0.0,-1.1721346378326416,-2.512633800506592,1967200
0.6919019222259521,-1.3439298868179321,0.0,8.521370887756348,7.869343280792236,1977600
0.5985748767852783,-1.3444172143936157,0.0,5.6959757804870605,4.950133800506592,1988000
0.0034266356378793716,-1.3461933135986328,0.0,-1.9244403839111328,-3.267207145690918,1998400
0.008370894007384777,-1.3453365564346313,0.0,-3.6183292865753174,-4.955295085906982,2008800
0.0030140585731714964,-1.3465003967285156,0.0,-1.3103952407836914,-2.653881549835205,2020000
0.3621104955673218,-1.3444949388504028,11.0,3.0104308128356934,2.0280466079711914,2030400
0.5416008830070496,-1.3450578451156616,0.0,4.955674171447754,4.152216911315918,2040000
0.02420399710536003,-1.3463085889816284,0.0,-5.001576900482178,-6.323681831359863,2051200
0.01990567520260811,-1.3424466848373413,0.0,-4.735185146331787,-6.0577263832092285,2061600
1.0006994009017944,-1.3420357704162598,3.0,14.490370750427246,14.14903450012207,2072800
0.4395645558834076,-1.3417565822601318,11.0,0.20207780599594116,-0.7001142501831055,2083200
0.2940443754196167,-1.340840458869934,12.0,2.9518518447875977,1.9050558805465698,2092800
1.2185356616973877,-1.3403282165527344,0.0,16.046541213989258,15.924749374389648,2102400
0.01927783712744713,-1.3431994915008545,0.0,-5.473287582397461,-6.797208786010742,2112800
0.008117059245705605,-1.341209053993225,0.0,-2.79412579536438,-4.127217769622803,2123200
0.017319833859801292,-1.343343734741211,0.0,-4.683704853057861,-6.009728908538818,2134400
0.35548877716064453,-1.3456279039382935,0.0,2.373277187347412,1.3831380605697632,2144800
0.7524639964103699,-1.3458091020584106,4.0,8.800942420959473,8.207597732543945,2155200
0.5836141109466553,-1.3451423645019531,3.6666667461395264,8.265618324279785,7.504090309143066,2165600
0.008849826641380787,-1.3459173440933228,0.0,-3.916168451309204,-5.253235816955566,2175200
0.34377366304397583,-1.3466360569000244,0.0,0.3699468970298767,-0.6329154968261719,2184800
0.02366700954735279,-1.3449008464813232,0.0,-5.767267227172852,-7.0885009765625,2196000
0.7293213605880737,-1.3450238704681396,0.5,10.600704193115234,9.985001564025879,2206400
0.4908210337162018,-1.340083122253418,2.0,3.129265785217285,2.280003786087036,2217600
0.29480013251304626,-1.3419756889343262,0.0,5.247434616088867,4.200259208679199,2227200
0.45544442534446716,-1.3445030450820923,0.0,2.9837875366210938,2.094728946685791,2237600
0.0068076313473284245,-1.3465986251831055,1.0,-2.6585299968719482,-3.998321056365967,2248000
0.3996543288230896,-1.346498966217041,2.200000047683716,3.6312649250030518,2.684420108795166,2258400
0.5144361853599548,-1.34752357006073,0.0,2.6178314685821533,1.784744143486023,2268800
0.01310034655034542,-1.346205711364746,0.0,-4.491403579711914,-5.824509143829346,2280000
0.014203145168721676,-1.34473717212677,0.5,-3.9202914237976074,-5.25082540512085,2290400
1.6684924364089966,-1.3470433950424194,4.599999904632568,27.90877342224121,28.230222702026367,2300800
0.016493115574121475,-1.3452270030975342,0.0,-4.036405086517334,-5.365139007568359,2311200
0.6797647476196289,-1.3448903560638428,5.5,7.6021809577941895,6.937055587768555,2322400
0.009438935667276382,-1.3433908224105835,0.0,-3.662421703338623,-4.996373653411865,2332800
0.025537200272083282,-1.34693443775177,0.0,-6.358795166015625,-7.680192470550537,2343200
0.6194854974746704,-1.346253514289856,3.6666667461395264,6.8936686515808105,6.166900634765625,2353600
0.01823013462126255,-1.3461250066757202,1.0,-5.222130298614502,-6.550025463104248,2364000
0.01583094522356987,-1.3457032442092896,0.0,-4.409543991088867,-5.739416122436523,2374400
0.7232863306999207,-1.3457921743392944,0.0,9.742707252502441,9.12020206451416,2385600
0.4735427498817444,-1.3453365564346313,0.0,-0.06733845919370651,-0.9391322731971741,2396000
0.017268884927034378,-1.3460830450057983,0.0,-4.1954026222229,-5.524217128753662,2407200
0.029541539028286934,-1.3458828926086426,0.0,-5.215846538543701,-6.5321879386901855,2418400
0.39938512444496155,-1.3463573455810547,0.0,3.496274709701538,2.549302577972412,2428800
1.2588741779327393,-1.3438422679901123,0.20000000298023224,16.70756721496582,16.622600555419922,2439200
0.011535435914993286,-1.3451396226882935,0.0,-4.328581809997559,-5.6621856689453125,2449600
0.5425771474838257,-1.3423489332199097,2.75,2.9614577293395996,2.1616859436035156,2459200
0.02205628901720047,-1.343296766281128,0.0,-5.399032115936279,-6.720273017883301,2469600
0.01377842202782631,-1.3400226831436157,0.0,-4.637600898742676,-5.963845252990723,2480000
0.011823316104710102,-1.338075041770935,0.0,-4.010177135467529,-5.336428642272949,2491200
0.004091753624379635,-1.340425968170166,0.0,-1.601902961730957,-2.938237190246582,2501600
0.3246828317642212,-1.3388535976409912,0.5,-1.5144150257110596,-2.528585910797119,2512800
0.003423945279791951,-1.3404722213745117,0.0,-0.883376955986023,-2.2204251289367676,2524000
0.00787495169788599,-1.3428289890289307,0.0,-2.9848203659057617,-4.319774627685547,2535200
0.007958877831697464,-1.3443989753723145,0.0,-2.707810878753662,-4.044250965118408,2545600
0.009760929271578789,-1.3450193405151367,0.0,-3.419901132583618,-4.755159378051758,2556800
0.9172314405441284,-1.3451119661331177,1.0,11.873940467834473,11.446060180664062,2567200
0.01982004940509796,-1.3456730842590332,0.0,-5.655832767486572,-6.981685638427734,2576800
1.5457240343093872,-1.345360279083252,0.0,16.601537704467773,16.801902770996094,2588000
1.6252909898757935,-1.3420478105545044,6.800000190734863,26.491315841674805,26.774559020996094,2598400
0.0328378826379776,-1.3402515649795532,0.0,-6.776336669921875,-8.08375072479248,2609600
0.5743474364280701,-1.3405107259750366,0.0,3.2521302700042725,2.4859671592712402,2620000
0.023100052028894424,-1.3423786163330078,0.0,-5.934743404388428,-7.254022121429443,2631200
0.03447071462869644,-1.3394595384597778,0.0,-6.652673721313477,-7.957662582397461,2642400
0.16855518519878387,-1.3429237604141235,11.0,-0.23856572806835175,-1.4129343032836914,2652800
0.11824319511651993,-1.3409695625305176,0.0,-2.019909143447876,-3.242635488510132,2664000
0.006196357309818268,-1.3403782844543457,0.0,-2.9762957096099854,-4.3104777336120605,2675200
0.4966587722301483,-1.3383469581604004,0.0,0.1471850574016571,-0.694503128528595,2685600
0.3831578195095062,-1.338329553604126,0.0,-0.5008004903793335,-1.4559721946716309,2696800
1.0122780799865723,-1.34375,0.0,10.727849006652832,10.396377563476562,2707200
0.011252964846789837,-1.3446801900863647,0.0,-3.6619114875793457,-4.9953389167785645,2717600
0.34560200572013855,-1.3421108722686768,0.0,4.4643378257751465,3.4678289890289307,2728000
0.02498420886695385,-1.3398700952529907,0.5,-6.147063732147217,-7.461949348449707,2738400
0.008224592544138432,-1.3438242673873901,0.3333333432674408,-2.4884958267211914,-3.8240957260131836,2748800
0.022734561935067177,-1.3469232320785522,0.0,-6.772496223449707,-8.096684455871582,2760000
0.5243422985076904,-1.3465023040771484,0.0,4.75913143157959,3.936971664428711,2770400
0.5082705616950989,-1.3479273319244385,0.0,8.401150703430176,7.561493873596191,2780000
0.02084163762629032,-1.3460017442703247,0.0,-6.191919803619385,-7.517079830169678,2791200
0.014982212334871292,-1.347469449043274,0.0,-4.868546009063721,-6.201033115386963,2801600
0.004869306460022926,-1.3472535610198975,0.0,-2.7584331035614014,-4.100817680358887,2812000
0.011993802152574062,-1.3472939729690552,0.5,-4.2147536277771,-5.550053596496582,2822400
0.008213905617594719,-1.3472260236740112,0.0,-3.1568238735198975,-4.495835781097412,2832800
0.012216726318001747,-1.343645453453064,0.0,-1.8321210145950317,-3.1635499000549316,2844000
0.9391358494758606,-1.3445713520050049,2.75,8.158109664916992,7.752674102783203,2854400
0.01468524057418108,-1.3442306518554688,0.0,-4.450939655303955,-5.780485153198242,2864800
0.02030159719288349,-1.345358967781067,0.0,-5.708690643310547,-7.033747673034668,2876000
0.6397228240966797,-1.3456425666809082,0.5,8.805627822875977,8.099708557128906,2886400
0.6790309548377991,-1.3469276428222656,0.0,8.887774467468262,8.219878196716309,2896800
0.44583919644355774,-1.3458422422409058,0.0,-2.682149648666382,-3.582152843475342,2906400
0.025828484445810318,-1.347199559211731,0.0,-6.911825656890869,-8.233197212219238,2916000
0.5172651410102844,-1.345839023590088,3.6666667461395264,-0.17324669659137726,-1.0018205642700195,2927200
0.013922126963734627,-1.346999168395996,0.0,-4.060344219207764,-5.393421173095703,2937600
0.006330079399049282,-1.3470230102539062,0.0,-2.8874857425689697,-4.228178977966309,2948000
0.902180552482605,-1.346362829208374,1.8333333730697632,9.797514915466309,9.35333251953125,2958400
0.014780845493078232,-1.3471856117248535,0.0,-4.63517951965332,-5.967584133148193,2968800
0.020867887884378433,-1.3447741270065308,0.0,-4.751829147338867,-6.075735569000244,2980000
0.714150071144104,-1.3443390130996704,0.0,9.58890438079834,8.958715438842773,2990400
0.01659972034394741,-1.3371119499206543,0.0,-4.567183017730713,-5.8876953125,3001600
0.010139002464711666,-1.3428438901901245,0.0,-2.7926857471466064,-4.125390529632568,3012000
0.5818406939506531,-1.342307448387146,0.0,8.626444816589355,7.865977764129639,3022400
0.25954458117485046,-1.3479417562484741,0.0,4.997961044311523,3.9095635414123535,3033600
0.36398378014564514,-1.3494644165039062,0.0,4.6999664306640625,3.7144856452941895,3044000
0.007094805594533682,-1.3495150804519653,0.0,-2.415393352508545,-3.7578134536743164,3054400
0.014187787659466267,-1.3491740226745605,0.5,-4.164069175720215,-5.4990553855896,3065600
0.011014389805495739,-1.3472213745117188,0.0,-3.872809410095215,-5.2090163230896,3075200
0.010442472994327545,-1.3464338779449463,0.0,-3.251767635345459,-4.587759017944336,3085600
0.024303115904331207,-1.3470591306686401,0.0,-4.905506134033203,-6.228262424468994,3096800
0.03293856605887413,-1.3470040559768677,0.0,-5.910012722015381,-7.224078178405762,3107200
0.8528485298156738,-1.3458657264709473,0.0,9.517403602600098,9.02438735961914,3117600
0.01673714630305767,-1.3479392528533936,0.0,-3.7272908687591553,-5.058492660522461,3128800
0.006052963435649872,-1.3488999605178833,0.5,-1.9066962003707886,-3.2495431900024414,3139200
0.4716012179851532,-1.347820520401001,0.5,-1.6275570392608643,-2.5037763118743896,3150400
0.02675018645823002,-1.3478089570999146,0.0,-6.282492160797119,-7.603550910949707,3160800
0.6999682784080505,-1.3487107753753662,11.0,7.911059856414795,7.262316703796387,3171200
0.4234987795352936,-1.3471802473068237,0.0,0.6988903880119324,-0.2247910499572754,3181600
0.019936563447117805,-1.3486707210540771,0.0,-5.730297088623047,-7.0590314865112305,3192800
0.541141152381897,-1.348107099533081,3.25,4.47519588470459,3.668229818344116,3204000
0.022623542696237564,-1.3485840559005737,0.0,-3.955216646194458,-5.281177043914795,3213600
0.36210745573043823,-1.3495478630065918,3.6666667461395264,0.39866316318511963,-0.5887772440910339,3224800
0.5536941885948181,-1.3480441570281982,1.0,4.953517913818359,4.159168243408203,3234400
0.011800719425082207,-1.3492285013198853,0.0,-3.6016030311584473,-4.939030647277832,3244800
0.02107957750558853,-1.347171425819397,0.0,-6.251200199127197,-7.577291965484619,3255200
0.6734930872917175,-1.3467519283294678,5.5,8.931035995483398,8.257777214050293,3265600
0.009764711372554302,-1.3491921424865723,0.0,-3.6541030406951904,-4.9935302734375,3275200
0.010991780087351799,-1.3482861518859863,0.0,-3.0264053344726562,-4.363699913024902,3286400
0.019712816923856735,-1.348610520362854,0.5,-5.628849506378174,-6.957746982574463,3296000
0.020997440442442894,-1.3465745449066162,2.0,-5.702999591827393,-7.028576850891113,3307200
0.01220899261534214,-1.3473165035247803,0.0,-4.148665904998779,-5.483773231506348,3317600
0.033315353095531464,-1.3460899591445923,0.0,-7.263115882873535,-8.57589054107666,3328000
0.41266268491744995,-1.3446053266525269,0.0,3.1006460189819336,2.168703556060791,3338400
0.00873679481446743,-1.3468810319900513,0.0,-3.4551968574523926,-4.793341159820557,3349600
0.009315396659076214,-1.3483026027679443,0.0,-2.1922895908355713,-3.5312767028808594,3360000
0.009186684153974056,-1.3489964008331299,1.0,-3.5100765228271484,-4.849885940551758,3370400
0.3100648820400238,-1.3488017320632935,0.20000000298023224,-4.283842086791992,-5.3225789070129395,3381600
0.40981897711753845,-1.3480063676834106,5.5,1.249434232711792,0.3112468719482422,3392800
0.012122778221964836,-1.348846197128296,0.0,-3.3591744899749756,-4.695898056030273,3404000
0.6343060731887817,-1.3486366271972656,0.6666666865348816,6.532111167907715,5.817780494689941,3415200
0.03818909078836441,-1.3478682041168213,0.25,-7.100061416625977,-8.409740447998047,3425600
0.004531660582870245,-1.3496371507644653,0.0,-0.4301353096961975,-1.7752407789230347,3436800
0.025205271318554878,-1.3481651544570923,0.0,-5.088757038116455,-6.411716938018799,3447200
0.008742023259401321,-1.349441647529602,0.3333333432674408,-2.915843963623047,-4.2565436363220215,3458400
0.008842657320201397,-1.3459537029266357,1.0,-3.1350839138031006,-4.472194671630859,3468800
0.012228813022375107,-1.348105788230896,0.0,-3.3466362953186035,-4.682513236999512,3480000
0.01364648062735796,-1.3489762544631958,0.0,-4.675390720367432,-6.010720252990723,3491200
0.018551547080278397,-1.3496840000152588,0.0,-5.814305782318115,-7.145438194274902,3502400
0.6505953669548035,-1.3484797477722168,2.75,6.189620494842529,5.491735935211182,3512800
1.331291913986206,-1.3481101989746094,5.5,17.09851837158203,17.08169937133789,3523200
0.4487290382385254,-1.348093867301941,11.0,3.3781931400299072,2.4788284301757812,3533600
0.008860958740115166,-1.3493458032608032,0.0,-2.1937763690948486,-3.5342612266540527,3544000
0.0093572698533535,-1.3469022512435913,0.5,-2.799065589904785,-4.136610507965088,3554400
0.8789078593254089,-1.3482123613357544,0.0,8.744797706604004,8.275493621826172,3564800
0.014581670053303242,-1.3485511541366577,0.0,-3.171733856201172,-4.505703449249268,3575200
0.005050318315625191,-1.348676323890686,0.0,-1.3838129043579102,-2.7274389266967773,3586400
0.010842783376574516,-1.347029685974121,0.5,-3.2604105472564697,-4.596597671508789,3596800
0.44246622920036316,-1.3465619087219238,11.0,1.8265212774276733,0.9224255084991455,3607200
0.03237931802868843,-1.3480080366134644,0.0,-7.775601863861084,-9.091230392456055,3618400
0.08341530710458755,-1.3481932878494263,11.0,-0.9448320269584656,-2.2096099853515625,3628800
0.015867987647652626,-1.3474183082580566,0.0,-5.482485294342041,-6.814035415649414,3639200
0.5679081082344055,-1.3476293087005615,0.6000000238418579,1.6861562728881836,0.9064350128173828,3649600
0.019685793668031693,-1.3483115434646606,0.0,-5.161745548248291,-6.490371227264404,3660000
0.6852011680603027,-1.3493744134902954,1.0,6.520871162414551,5.856698036193848,3670400
0.010910815559327602,-1.3491936922073364,0.0,-3.0954933166503906,-4.433776378631592,3681600
0.7701117396354675,-1.34862220287323,0.5,8.555757522583008,7.97724723815918,3692000
0.7784102559089661,-1.3487417697906494,5.5,10.733657836914062,10.163326263427734,3702400
0.24888503551483154,-1.3498393297195435,0.25,-1.0458588600158691,-2.146813154220581,3712800
0.01043399702757597,-1.3503758907318115,0.0,-3.7969305515289307,-5.136872291564941,3724000
0.01105484552681446,-1.3473591804504395,0.0,-3.135007381439209,-4.471311569213867,3734400
0.02851337566971779,-1.34651517868042,0.0,-6.194073677062988,-7.512075424194336,3744800
0.018529433757066727,-1.3474444150924683,0.0,-5.613974571228027,-6.94288969039917,3756000
0.018437623977661133,-1.347320556640625,0.5,-5.330704689025879,-6.659587860107422,3766400
0.020827556028962135,-1.3476369380950928,0.0,-5.66310453414917,-6.9899139404296875,3776000
0.028557470068335533,-1.3482656478881836,0.0,-5.597554683685303,-6.917263031005859,3786400
0.019814683124423027,-1.3477836847305298,0.6666666865348816,-5.26685094833374,-6.594820022583008,3796800
0.029533298686146736,-1.3460441827774048,0.0,-6.396632671356201,-7.713143348693848,3808000
0.627369225025177,-1.3469946384429932,6.0,4.809913158416748,4.090288162231445,3818400
0.016085322946310043,-1.34453284740448,0.0,-5.041755199432373,-6.370203018188477,3828800
0.013198614120483398,-1.3470771312713623,0.0,-4.777035713195801,-6.11091423034668,3838400
0.007474137004464865,-1.3473539352416992,0.0,-2.6754541397094727,-4.015334129333496,3848800
1.1440484523773193,-1.3467549085617065,2.200000047683716,16.87276840209961,16.670063018798828,3859200
0.014149604365229607,-1.345091700553894,0.0,-3.9094467163085938,-5.240388870239258,3870400
0.8105890154838562,-1.3458329439163208,0.1666666716337204,9.750234603881836,9.214990615844727,3880800
0.014913300052285194,-1.3459855318069458,0.0,-4.547596454620361,-5.878668785095215,3892000
0.4522891640663147,-1.3476884365081787,5.5,1.9336965084075928,1.038297176361084,3901600
0.011193741112947464,-1.3471195697784424,0.0,-3.4526283740997314,-4.7885541915893555,3912800
0.015449156053364277,-1.3460334539413452,0.0,-4.608509540557861,-5.939094066619873,3923200
0.008006527088582516,-1.3478420972824097,0.0,-3.176964521408081,-4.5167999267578125,3933600
1.0684572458267212,-1.34767746925354,2.75,13.448599815368652,13.169380187988281,3944000
1.0567336082458496,-1.3486897945404053,0.0,13.40445613861084,13.112499237060547,3954400
0.018620401620864868,-1.3493572473526,1.0,-4.09462833404541,-5.425364971160889,3964800
0.01808677427470684,-1.3493186235427856,0.3333333432674408,-4.025646209716797,-5.35687780380249,3975200
0.02083556354045868,-1.3486576080322266,0.0,-5.911192417144775,-7.239014625549316,3986400
0.02855600230395794,-1.3483738899230957,0.0,-6.5547966957092285,-7.874614715576172,3996800
0.3954540193080902,-1.3478143215179443,11.0,-0.4405205547809601,-1.392880916595459,4007200
1.305424451828003,-1.348256230354309,4.0,17.39426040649414,17.35142707824707,4017600
0.01915055513381958,-1.3482847213745117,0.0,-5.494870662689209,-6.824004650115967,4028000
0.009775465354323387,-1.3461146354675293,0.0,-2.8983819484710693,-4.2347211837768555,4038400
0.00912374909967184,-1.3465602397918701,0.0,-3.3931777477264404,-4.730614185333252,4048800
1.2808482646942139,-1.3458268642425537,11.0,19.689910888671875,19.62493133544922,4059200
0.018387502059340477,-1.3452301025390625,1.0,-4.643618106842041,-5.970460891723633,4070400
0.026533277705311775,-1.3445968627929688,0.0,-5.378523826599121,-6.696587562561035,4080800
0.022614967077970505,-1.3465930223464966,0.0,-6.485744953155518,-7.809722900390625,4091200
0.011372722685337067,-1.3448768854141235,0.0,-3.310789108276367,-4.644293308258057,4101600
0.00875761266797781,-1.3471344709396362,0.0,-2.3576362133026123,-3.6960129737854004,4112000
0.011851238086819649,-1.3462865352630615,0.3333333432674408,-3.277841567993164,-4.612277030944824,4122400
0.02118081972002983,-1.3456997871398926,0.0,-5.444397926330566,-6.768917083740234,4132800
0.009843085892498493,-1.3480932712554932,0.0,-3.437335968017578,-4.775586128234863,4143200
1.0877292156219482,-1.347676157951355,11.0,11.338265419006348,11.07831859588623,4154400
0.016013063490390778,-1.3479620218276978,0.0,-4.833743572235107,-6.165692329406738,4164000
0.7355779409408569,-1.3473349809646606,11.0,8.754107475280762,8.142350196838379,4175200
0.01804470084607601,-1.3476028442382812,0.0,-5.293210983276367,-6.622769355773926,4185600
0.020772619172930717,-1.3478420972824097,0.25,-5.154555320739746,-6.481625080108643,4196800
0.015441186726093292,-1.349359393119812,0.0,-5.19519567489624,-6.52911376953125,4207200
2.005244255065918,-1.3480987548828125,4.599999904632568,24.480484008789062,25.137630462646484,4217600
0.659841775894165,-1.3484448194503784,0.0,4.55610990524292,3.867506980895996,4228000
0.43764808773994446,-1.3475472927093506,5.5,2.393615245819092,1.4837160110473633,4237600
0.4238390624523163,-1.347145676612854,5.5,-0.43930864334106445,-1.3626152276992798,4248800
0.6085530519485474,-1.3474823236465454,0.4000000059604645,1.6572407484054565,0.9183114767074585,4259200
0.01403638906776905,-1.3450454473495483,0.0,-3.8348662853240967,-5.165875434875488,4269600
0.012969103641808033,-1.3477423191070557,0.0,-3.1039438247680664,-4.438716888427734,4280800
0.01781410723924637,-1.346912145614624,0.0,-4.668196678161621,-5.9972944259643555,4291200
0.7255489826202393,-1.3471733331680298,0.5,10.204720497131348,9.58309555053711,4302400
0.9482043385505676,-1.3459452390670776,11.0,13.237458229064941,12.839716911315918,4313600
0.6895833611488342,-1.3467316627502441,0.0,7.66560173034668,7.008453845977783,4323200
2.5255067348480225,-1.3482033014297485,6.0,21.338777542114258,22.516080856323242,4335200
0.0088504608720541,-1.3473432064056396,0.0,-2.0441431999206543,-3.3826358318328857,4345600
0.022712474688887596,-1.3464818000793457,0.0,-6.064580917358398,-7.388350009918213,4356000
0.010260123759508133,-1.3481905460357666,0.0,-3.927161693572998,-5.265091896057129,4366400
1.3390713930130005,-1.3463588953018188,3.0,19.255638122558594,19.248350143432617,4377600
0.39608386158943176,-1.348129391670227,1.0,1.911339282989502,0.9592937231063843,4388000
0.05599828436970711,-1.3468199968338013,1.0,-9.476053237915039,-10.766875267028809,4397600
0.04291286692023277,-1.3451048135757446,0.0,-7.9329142570495605,-9.235106468200684,4409600
0.2778981626033783,-1.3421233892440796,0.3333333432674408,-1.867163062095642,-2.9313883781433105,4420000
0.03924610838294029,-1.3429265022277832,1.0,-5.563868522644043,-6.867548942565918,4431200
0.023469923064112663,-1.3447545766830444,0.0,-5.380636215209961,-6.701920986175537,4441600
0.6214644312858582,-1.3455382585525513,5.5,8.89470386505127,8.17063045501709,4452800
0.020896730944514275,-1.3454322814941406,0.0,-3.691000461578369,-5.015536308288574,4464000
0.018746431916952133,-1.3471711874008179,0.0,-5.279264450073242,-6.607689380645752,4474400
0.6937588453292847,-1.348249077796936,0.0,8.366230964660645,7.711740970611572,4485600
0.008249656297266483,-1.3485867977142334,0.0,-2.2283027172088623,-3.5686397552490234,4496000
2.1637420654296875,-1.3477368354797363,6.0,22.666046142578125,23.482051849365234,4506400
0.4590998589992523,-1.3470429182052612,3.25,3.115401268005371,2.2274580001831055,4517600
0.026636874303221703,-1.3480101823806763,0.0,-5.344942569732666,-6.66631555557251,4528800
0.01200741995126009,-1.3458412885665894,0.0,-3.9516756534576416,-5.2855095863342285,4539200
0.0043224007822573185,-1.3455091714859009,0.0,-1.205325722694397,-2.5465126037597656,4550400
0.6128823161125183,-1.3477091789245605,0.0,9.198558807373047,8.46373176574707,4561600
0.016590820625424385,-1.3475406169891357,0.0,-4.096893787384033,-5.427844047546387,4572800
0.9156480431556702,-1.3475260734558105,0.5,9.186901092529297,8.755023956298828,4583200
1.1805020570755005,-1.3493629693984985,5.75,16.871553421020508,16.70269203186035,4593600
0.02164396643638611,-1.3469181060791016,0.0,-5.602743625640869,-6.928017616271973,4604000
3.445631980895996,-1.347891092300415,1.0,25.328697204589844,27.42643928527832,4615200
0.738024115562439,-1.3472347259521484,5.5,5.874890327453613,5.265679836273193,4625600
1.540184736251831,-1.3488566875457764,0.5,21.313261032104492,21.504589080810547,4636000
0.04021790251135826,-1.348393201828003,0.0,-8.28221607208252,-9.590391159057617,4646400
0.32081106305122375,-1.3487578630447388,4.0,-0.8248842358589172,-1.8528310060501099,4656800
0.18217390775680542,-1.3491451740264893,3.6666667461395264,-6.376283168792725,-7.543254852294922,4667200
0.03178279101848602,-1.349305510520935,0.3333333432674408,-6.734327793121338,-8.051850318908691,4676800
0.07686658203601837,-1.3485320806503296,0.0,-11.3598051071167,-12.631470680236816,4686400
0.630525529384613,-1.3496006727218628,0.3333333432674408,2.686453104019165,1.96737802028656,4696800
0.030020467936992645,-1.349212408065796,0.25,-6.243963718414307,-7.5631561279296875,4707200
1.311774492263794,-1.3477702140808105,0.3333333432674408,14.566876411437988,14.530879974365234,4717600
0.02466461807489395,-1.3479764461517334,0.0,-5.184870719909668,-6.508182525634766,4728000
0.9653112888336182,-1.3481231927871704,3.5,11.185851097106934,10.803038597106934,4738400
0.027227457612752914,-1.3477882146835327,0.0,-6.1006903648376465,-7.42125129699707,4748000
0.03214121237397194,-1.348757028579712,0.5,-5.355369567871094,-6.671985626220703,4759200
0.022086812183260918,-1.3486812114715576,0.0,-4.638538360595703,-5.965132713317871,4768800
0.022090526297688484,-1.3467464447021484,0.0,-5.653504371643066,-6.978160381317139,4780000
0.019682664424180984,-1.3438845872879028,0.0,-3.8030591011047363,-5.127261161804199,4790400
0.010931035503745079,-1.3470460176467896,0.0,-2.7244033813476562,-4.060518264770508,4800800
0.02142173983156681,-1.3459426164627075,0.1666666716337204,-4.8059773445129395,-6.130497932434082,4812000
0.020751619711518288,-1.3471546173095703,0.0,-5.227080821990967,-6.553483963012695,4822400
0.03711637482047081,-1.3466405868530273,0.0,-6.067628383636475,-7.377152442932129,4832800
0.02052157372236252,-1.3486109972000122,0.0,-5.1875529289245605,-6.515642166137695,4843200
1.1308397054672241,-1.3489288091659546,0.0,12.742427825927734,12.524338722229004,4853600
1.4475784301757812,-1.348441243171692,1.0,19.89246368408203,19.991600036621094,4864000
0.01722126454114914,-1.345651388168335,0.25,-4.595918655395508,-5.924348831176758,4875200
0.019070792943239212,-1.346975326538086,0.0,-5.061633110046387,-6.389537811279297,4885600
0.011927638202905655,-1.3478561639785767,0.0,-2.422375202178955,-3.758303642272949,4896000
0.7570664882659912,-1.346968650817871,0.0,10.373973846435547,9.784071922302246,4906400
0.06462275236845016,-1.3454927206039429,0.20000000298023224,-9.592608451843262,-10.873477935791016,4917600
0.3209657073020935,-1.3469539880752563,4.0,2.3538284301757812,1.3278402090072632,4928000
0.026454487815499306,-1.3486509323120117,0.5,-3.9009742736816406,-5.223170757293701,4938400
0.10223652422428131,-1.3475594520568848,1.0,-4.546968460083008,-5.792291164398193,4948800
0.023726727813482285,-1.3485276699066162,0.0,-5.860500335693359,-7.185300827026367,4959200
0.13080456852912903,-1.3479998111724854,2.200000047683716,-5.525862693786621,-6.743058204650879,4970400
0.03804707154631615,-1.3458105325698853,0.3333333432674408,-6.878347873687744,-8.186111450195312,4980800
0.01414291188120842,-1.3468921184539795,0.0,-4.1082587242126465,-5.441007614135742,4991200
0.810473620891571,-1.3479653596878052,11.0,9.483053207397461,8.945561408996582,5001600
0.01406839583069086,-1.3481277227401733,0.0,-3.5935935974121094,-4.927652835845947,5012000
0.6293287873268127,-1.3493103981018066,0.0,5.4386138916015625,4.718632221221924,5022400
0.02173764258623123,-1.3506563901901245,0.0,-6.272716999053955,-7.601635932922363,5032800
0.009787765331566334,-1.349265456199646,0.0,-3.0841994285583496,-4.42367696762085,5043200
0.026690013706684113,-1.3490883111953735,0.0,-7.021113395690918,-8.343511581420898,5053600
0.02617497555911541,-1.347870945930481,0.0,-6.153458595275879,-7.475154399871826,5064800
0.54900723695755,-1.3497132062911987,0.0,1.2797669172286987,0.4790610074996948,5075200
0.017193585634231567,-1.3469715118408203,0.0,-4.991827964782715,-6.321605682373047,5085600
0.582514226436615,-1.3475538492202759,0.0,4.306863307952881,3.5418238639831543,5096000
0.030747218057513237,-1.3473973274230957,0.0,-5.715763568878174,-7.032413482666016,5106400
1.4059793949127197,-1.3457932472229004,5.5,20.09170913696289,20.15189552307129,5116000
1.1054822206497192,-1.3480613231658936,0.5,13.771543502807617,13.528964042663574,5127200
0.5557648539543152,-1.3478467464447021,0.0,4.642352104187012,3.8502700328826904,5136800
0.013503833673894405,-1.3484606742858887,0.0,-2.858217239379883,-4.193174362182617,5147200
1.642600655555725,-1.348798155784607,5.5,25.199562072753906,25.493364334106445,5158400
0.7007153630256653,-1.348557710647583,11.0,8.287057876586914,7.639215469360352,5168800
0.016842402517795563,-1.3488528728485107,0.5,-2.836472511291504,-4.168482780456543,5179200
1.6292117834091187,-1.3459936380386353,4.0,23.12556266784668,23.408781051635742,5188800
0.5658373832702637,-1.343937635421753,0.0,3.9639241695404053,3.185823678970337,5200000
0.5963597893714905,-1.3463613986968994,0.0,2.570268392562866,1.8202667236328125,5210400
0.45778825879096985,-1.3465789556503296,3.25,-0.70578533411026,-1.5945760011672974,5220800
0.7269988059997559,-1.3469974994659424,1.5,10.549823760986328,9.929825782775879,5231200
0.017177579924464226,-1.348157286643982,0.3333333432674408,-4.398242950439453,-5.729222774505615,5241600
0.025601811707019806,-1.3479015827178955,0.0,-6.105069637298584,-7.427369117736816,5252800
1.0188871622085571,-1.3483028411865234,6.0,12.357611656188965,12.028196334838867,5263200
0.37917864322662354,-1.3471379280090332,0.0,-0.068114273250103,-1.0360735654830933,5274400
3.4304332733154297,-1.3480606079101562,1.8333333730697632,30.929882049560547,33.01225280761719,5284800
0.02214830555021763,-1.347448706626892,2.0,-5.8019328117370605,-7.127233505249023,5296000
0.5717906355857849,-1.349017858505249,2.0,4.406844615936279,3.62961745262146,5306400
0.8372961282730103,-1.3460737466812134,1.0,6.984253406524658,6.475475788116455,5316800
0.08990630507469177,-1.3485143184661865,5.5,-6.048126220703125,-7.306734085083008,5327200
0.04307528957724571,-1.3473786115646362,0.0,-7.030667304992676,-8.334970474243164,5337600
0.060248591005802155,-1.3472801446914673,0.0,-7.279160499572754,-8.566192626953125,5348000
0.0230416189879179,-1.3451582193374634,0.0,-4.53605318069458,-5.8581695556640625,5359200
0.6587296724319458,-1.3441359996795654,0.5,1.3813689947128296,0.69596266746521,5370400
0.762722909450531,-1.3461772203445435,0.0,6.694627285003662,6.111173152923584,5380800
0.022104764357209206,-1.3460432291030884,1.0,-4.590909957885742,-5.914848327636719,5392000
0.4696734547615051,-1.347479224205017,11.0,3.780351161956787,2.90254545211792,5402400
0.024530239403247833,-1.3469152450561523,0.0,-4.603053569793701,-5.925438404083252,5413600
0.024089716374874115,-1.3480112552642822,0.0,-5.438720703125,-6.762641906738281,5424000
1.1551989316940308,-1.3482115268707275,7.333333492279053,16.36285972595215,16.16984748840332,5435200
0.6659719944000244,-1.348101019859314,0.0,4.535006046295166,3.852877140045166,5446400
0.022963913157582283,-1.3465107679367065,0.0,-5.481765270233154,-6.805312156677246,5456800
0.34014812111854553,-1.34468412399292,4.0,-2.8442437648773193,-3.8487796783447266,5468000
0.36326345801353455,-1.3473087549209595,0.0,1.2672001123428345,0.28315484523773193,5478400
0.05257929861545563,-1.3453322649002075,0.0,-6.759044647216797,-8.051797866821289,5489600
0.06109689921140671,-1.3474338054656982,4.0,-4.409473896026611,-5.6958112716674805,5500000
1.191222906112671,-1.3486077785491943,6.0,8.19100570678711,8.033620834350586,5511200
0.014597935602068901,-1.3483052253723145,0.0,-1.673362135887146,-3.0070695877075195,5522400
0.02106224186718464,-1.3482846021652222,0.0,-3.10744047164917,-4.434662818908691,5532800
0.009048664011061192,-1.3473392724990845,0.0,-2.1872410774230957,-3.525531768798828,5543200
0.019701696932315826,-1.348620891571045,0.0,-4.30919075012207,-5.638110160827637,5554400
0.03540291264653206,-1.348670482635498,0.0,-5.25700569152832,-6.570273399353027,5564000
0.025094302371144295,-1.3491010665893555,0.0,-6.058103561401367,-7.382110118865967,5573600
0.4761142134666443,-1.349324107170105,1.0,-0.45756256580352783,-1.3307723999023438,5584800
0.7227279543876648,-1.3494149446487427,3.6666667461395264,9.528630256652832,8.90194320678711,5595200
0.015039393678307533,-1.3483624458312988,0.0,-2.726445198059082,-4.059768199920654,5605600
0.012540771625936031,-1.3487898111343384,0.0,-2.9930191040039062,-4.329267978668213,5616000
0.7913933992385864,-1.3490175008773804,0.5,7.478366851806641,6.920742511749268,5626400
1.7964972257614136,-1.3489353656768799,4.0,28.520057678222656,28.967618942260742,5636800
0.7879937291145325,-1.3485804796218872,0.0,6.830104351043701,6.26951789855957,5647200
0.017191922292113304,-1.3482760190963745,0.5,-5.3744916915893555,-6.705575942993164,5657600
0.01248308178037405,-1.3482232093811035,1.0,-3.5396728515625,-4.875412940979004,5668800
1.1021778583526611,-1.3483226299285889,0.0,12.198330879211426,11.95218563079834,5679200
0.02217496745288372,-1.3469958305358887,0.0,-3.534165620803833,-4.8589863777160645,5689600
0.014226900413632393,-1.3475298881530762,0.0,-4.9685139656066895,-6.301816940307617,5700000
0.01052567083388567,-1.34828782081604,0.0,-3.1038339138031006,-4.441596031188965,5709600
0.011853708885610104,-1.3471938371658325,0.0,-3.904350996017456,-5.239691257476807,5720800
0.014281454496085644,-1.3460774421691895,0.0,-4.8982977867126465,-6.230093955993652,5730400
0.010057240724563599,-1.3469315767288208,0.0,-4.421000957489014,-5.757874965667725,5741600
1.365475058555603,-1.349041223526001,0.0,16.901620864868164,16.918054580688477,5752000
0.019232958555221558,-1.3465747833251953,0.0,-2.252075672149658,-3.5794174671173096,5762400
0.3493441343307495,-1.3481011390686035,3.6666667461395264,1.7172396183013916,0.718482494354248,5772800
0.6069596409797668,-1.3476959466934204,4.333333492279053,6.1891093254089355,5.448373317718506,5784000
0.029500406235456467,-1.3471935987472534,1.0,-7.2007856369018555,-8.518478393554688,5794400
0.19983792304992676,-1.3488006591796875,2.200000047683716,-2.990964889526367,-4.139927864074707,5804800
0.28356149792671204,-1.3470606803894043,0.0,-1.7044892311096191,-2.767988443374634,5816000
0.016885222867131233,-1.3491511344909668,0.0,-4.778501033782959,-6.110766887664795,5826400
0.4892227053642273,-1.3475425243377686,3.6666667461395264,2.8958487510681152,2.0375289916992188,5836800
0.03733017295598984,-1.348791480064392,0.0,-7.2517571449279785,-8.563218116760254,5847200
0.03278037905693054,-1.3488292694091797,0.0,-4.9088239669799805,-6.224873065948486,5857600
1.5426666736602783,-1.3480861186981201,2.4000000953674316,23.850173950195312,24.044755935668945,5868000
0.6378684043884277,-1.3466788530349731,11.0,3.8069663047790527,3.098155975341797,5878400
0.9827841520309448,-1.3482328653335571,11.0,13.243732452392578,12.878283500671387,5889600
1.241349697113037,-1.347446084022522,11.0,18.074981689453125,17.96888542175293,5900000
0.031150169670581818,-1.3500425815582275,0.3333333432674408,-7.224454879760742,-8.543347358703613,5910400
0.535751461982727,-1.3480674028396606,3.6666667461395264,5.0333781242370605,4.221062183380127,5920800
0.03435896709561348,-1.3470311164855957,0.0,-6.178032875061035,-7.4907050132751465,5932000
0.5254651308059692,-1.3451234102249146,4.0,5.055512428283691,4.235854148864746,5942400
0.042400673031806946,-1.3467838764190674,0.0,-6.408060073852539,-7.7124433517456055,5952800
0.014763777144253254,-1.3479583263397217,0.0,-4.223020553588867,-5.556215286254883,5963200
0.013538837432861328,-1.3471930027008057,0.5,-3.3142354488372803,-4.647889614105225,5974400
0.8418684005737305,-1.3465328216552734,0.0,8.81177806854248,8.307113647460938,5984800
0.9030413031578064,-1.3480486869812012,4.400000095367432,11.66321086883545,11.218202590942383,5995200
0.013018472120165825,-1.3468869924545288,0.0,-1.949167251586914,-3.2830357551574707,6005600
1.330925703048706,-1.348450779914856,11.0,16.829816818237305,16.81229019165039,6016800
0.6050419807434082,-1.3477740287780762,5.5,8.952878952026367,8.210145950317383,6027200
0.011362385004758835,-1.3480956554412842,0.0,-3.236636161804199,-4.57336950302124,6037600
0.8517789244651794,-1.348078727722168,0.0,9.686792373657227,9.190492630004883,6048000
0.029491223394870758,-1.347657322883606,0.0,-7.2441792488098145,-8.562345504760742,6058400
0.06835222989320755,-1.346259593963623,0.25,-10.454269409179688,-11.732175827026367,6069600
0.03200894594192505,-1.3454937934875488,0.0,-5.467349529266357,-6.780834197998047,6080000
0.09923164546489716,-1.3454556465148926,0.0,-12.752644538879395,-13.998868942260742,6090400
0.058657631278038025,-1.3475477695465088,0.25,-8.475258827209473,-9.764148712158203,6100800
0.7955489158630371,-1.3473783731460571,0.0,3.6081666946411133,3.056337356567383,6112000
0.07371597737073898,-1.3468509912490845,0.0,-10.978620529174805,-12.251755714416504,6121600
0.03784091770648956,-1.3479365110397339,0.0,-6.969396114349365,-8.279491424560547,6132800
0.03350023180246353,-1.3440101146697998,0.0,-5.887129306793213,-7.197639465332031,6142400
0.041069719940423965,-1.3458154201507568,0.0,-6.518930912017822,-7.823677062988281,6153600
0.028349708765745163,-1.344026803970337,0.0,-5.6066575050354,-6.922334671020508,6164000
0.018267350271344185,-1.3445074558258057,1.0,-4.9554619789123535,-6.281702041625977,6174400
0.015972625464200974,-1.3423320055007935,0.0,-4.192657947540283,-5.519017219543457,6184800
0.009772432036697865,-1.3462748527526855,0.0,-3.7728793621063232,-5.109381675720215,6195200
0.5398023128509521,-1.346333622932434,3.6666667461395264,5.049210071563721,4.242678642272949,6204800
0.48713818192481995,-1.3437750339508057,2.75,4.384579181671143,3.527942419052124,6216000
0.03095562942326069,-1.3410083055496216,0.0,-6.5336594581604,-7.843711853027344,6226400
0.8822138905525208,-1.342475414276123,0.3333333432674408,7.388811111450195,6.928549289703369,6236800
0.03245517238974571,-1.3410781621932983,0.0,-5.843764305114746,-7.152387619018555,6247200
0.02243230491876602,-1.3422616720199585,0.0,-5.177916049957275,-6.497745513916016,6258400
0.2070384919643402,-1.346731185913086,0.3333333432674408,-1.9971826076507568,-3.1368751525878906,6268800
0.012058221735060215,-1.3444303274154663,0.0,-2.368931293487549,-3.701303482055664,6280000
0.012878688052296638,-1.3450493812561035,0.0,-3.2801005840301514,-4.612271308898926,6289600
0.633247971534729,-1.3424839973449707,1.0,3.7634894847869873,3.054253578186035,6300800
0.8891488909721375,-1.3453043699264526,0.0,11.773990631103516,11.317834854125977,6311200
0.8940994739532471,-1.3434374332427979,6.0,8.175326347351074,7.725988388061523,6322400
0.028071559965610504,-1.3471688032150269,0.5,-4.639488697052002,-5.9585862159729,6332800
0.5398924946784973,-1.3461995124816895,3.6666667461395264,6.628811836242676,5.822504997253418,6344000
0.55918288230896,-1.3466591835021973,0.0,1.2529499530792236,0.46547365188598633,6353600
0.03675319254398346,-1.3452863693237305,0.3333333432674408,-8.009034156799316,-9.317567825317383,6364800
0.03450186923146248,-1.3441215753555298,0.0,-7.78224515914917,-9.091864585876465,6375200
0.13314393162727356,-1.3428970575332642,0.3333333432674408,-4.4319071769714355,-5.641660213470459,6386400
0.024462293833494186,-1.3471357822418213,0.0,-5.64896297454834,-6.971636772155762,6396800
1.3939467668533325,-1.3461554050445557,0.0,18.059778213500977,18.10757064819336,6407200
0.6704498529434204,-1.346611499786377,6.0,7.909004211425781,7.232842922210693,6418400
0.4948720633983612,-1.3411301374435425,5.5,1.1665563583374023,0.32029831409454346,6428800
0.02648317627608776,-1.3463788032531738,0.0,-5.373966217041016,-6.693861961364746,6439200
1.3404446840286255,-1.3475606441497803,5.5,22.60004997253418,22.592933654785156,6450400
0.028453532606363297,-1.3477504253387451,0.0,-4.234915256500244,-5.55421257019043,6460800
0.021951835602521896,-1.345375895500183,0.0,-4.36589241027832,-5.689316749572754,6472000
0.06351201236248016,-1.344885230064392,0.0,-7.97952127456665,-9.260894775390625,6482400
0.03260001540184021,-1.3465992212295532,0.3333333432674408,-5.622324466705322,-6.936323642730713,6493600
0.018635721877217293,-1.34760582447052,0.0,-4.43960428237915,-5.768574237823486,6503200
0.5744026303291321,-1.3466744422912598,2.75,5.703739643096924,4.9314680099487305,6514400
0.040106967091560364,-1.3428372144699097,0.0,-5.476269721984863,-6.779000282287598,6524800
0.011130090802907944,-1.3471964597702026,0.0,-2.4962096214294434,-3.832275867462158,6535200
0.01993384398519993,-1.3488759994506836,0.0,-5.445708274841309,-6.774650573730469,6546400
0.455398291349411,-1.348570704460144,12.0,2.593700885772705,1.7005285024642944,6556000
0.023022441193461418,-1.345868706703186,0.0,-5.515641212463379,-6.838487148284912,6567200
0.034300047904253006,-1.3467894792556763,0.0,-6.728384017944336,-8.040873527526855,6577600
0.027552789077162743,-1.3457200527191162,0.0,-5.791546821594238,-7.109714508056641,6588000
0.008312031626701355,-1.3490512371063232,0.0,-2.823666572570801,-4.164405822753906,6597600
0.9336045980453491,-1.3484001159667969,0.0,9.743521690368652,9.328725814819336,6608800
0.5353828072547913,-1.3481156826019287,0.0,2.472243070602417,1.6595101356506348,6619200
0.017406100407242775,-1.3490606546401978,0.0,-5.21402645111084,-6.545680999755859,6629600
0.536837100982666,-1.3441964387893677,11.0,7.314293384552002,6.50693416595459,6640000
0.030426640063524246,-1.3434031009674072,0.0,-4.293679714202881,-5.606656074523926,6650400
0.5024341344833374,-1.3437429666519165,3.6666667461395264,-1.0665631294250488,-1.907871961593628,6660800
0.02649710513651371,-1.3492921590805054,0.0,-5.308505058288574,-6.631300449371338,6671200
0.031149107962846756,-1.3484690189361572,0.5,-4.714744567871094,-6.032064437866211,6681600
0.033922646194696426,-1.346030354499817,0.0,-6.24278450012207,-7.554892063140869,6692000
0.02318609692156315,-1.3463609218597412,0.5,-3.6200754642486572,-4.9432501792907715,6702400
0.03690076246857643,-1.349677562713623,0.1111111119389534,-8.267672538757324,-9.580450057983398,6713600
0.3409789800643921,-1.3476765155792236,3.6666667461395264,-0.025376396253705025,-1.032073974609375,6724000
0.020684875547885895,-1.3458011150360107,0.0,-2.4751148223876953,-3.8002309799194336,6734400
1.3153207302093506,-1.3484981060028076,0.5,13.756808280944824,13.723630905151367,6744800
0.03434329107403755,-1.349426507949829,0.0,-7.448987007141113,-8.764070510864258,6755200
0.026252249255776405,-1.3481371402740479,0.0,-5.533525466918945,-6.855410575866699,6765600
0.018252192065119743,-1.3499479293823242,0.0,-3.3663170337677,-4.698012828826904,6776000
0.01940000243484974,-1.3486732244491577,0.0,-3.374032735824585,-4.703305721282959,6786400
0.5053572058677673,-1.347269058227539,3.6666667461395264,0.9209336042404175,0.07902169227600098,6797600
0.029501456767320633,-1.347808599472046,0.0,-6.8823113441467285,-8.200618743896484,6808000
0.01854678988456726,-1.3488906621932983,1.0,-5.926891326904297,-7.257235527038574,6817600
0.9778612852096558,-1.3471592664718628,0.0,11.624835968017578,11.255537986755371,6828000
0.029768705368041992,-1.3455594778060913,0.0,-5.196678161621094,-6.5124688148498535,6839200
0.8164646625518799,-1.3475309610366821,0.0,7.287315368652344,6.756248950958252,6848800
0.03104838915169239,-1.34529447555542,0.0,-6.547690391540527,-7.861936569213867,6860000
0.3843280076980591,-1.3493785858154297,5.5,3.983550786972046,3.018500328063965,6870400
0.023543035611510277,-1.349619746208191,0.5,-5.881494998931885,-7.207571983337402,6880800
0.7944672107696533,-1.348219633102417,0.75,10.95012092590332,10.396368026733398,6891200
1.3198904991149902,-1.3468194007873535,3.0,14.166055679321289,14.139127731323242,6901600
0.028844499960541725,-1.3489831686019897,0.0,-6.2419257164001465,-7.5620646476745605,6912000
0.027131108567118645,-1.3492519855499268,0.5,-7.133554935455322,-8.455676078796387,6922400
0.0163706224411726,-1.3479077816009521,0.0,-4.8230509757995605,-6.154587745666504,6932800
0.026566529646515846,-1.3446354866027832,0.0,-6.167267799377441,-7.485336780548096,6944000
0.015589134767651558,-1.3489689826965332,0.0,-5.245861530303955,-6.5792412757873535,6954400
1.2953211069107056,-1.3484232425689697,0.1666666716337204,15.553240776062012,15.500139236450195,6964000
0.3422534465789795,-1.3468798398971558,5.5,-2.1370997428894043,-3.141726016998291,6974400
0.5490144491195679,-1.3477338552474976,3.6666667461395264,0.23317281901836395,-0.5655465722084045,6984800
0.027001667767763138,-1.3466500043869019,0.0,-5.880148410797119,-7.199796676635742,6994400
0.46377629041671753,-1.3481206893920898,4.0,7.343455791473389,6.459111213684082,7005600
0.04162813350558281,-1.348362684249878,0.0,-7.302245140075684,-8.608979225158691,7015200
0.024948492646217346,-1.3487368822097778,0.0,-5.897605895996094,-7.221394062042236,7025600
0.03460264578461647,-1.347351312637329,0.6666666865348816,-6.592503070831299,-7.905251502990723,7036000
0.7191900610923767,-1.3472373485565186,2.4000000953674316,6.34841251373291,5.720365524291992,7046400
0.011921443045139313,-1.349089503288269,0.0,-4.6632161140441895,-6.000384330749512,7056000
0.018149234354496002,-1.3479335308074951,0.0,-5.337778568267822,-6.667562484741211,7066400
0.014912008307874203,-1.3476200103759766,0.0,-4.898373126983643,-6.231081008911133,7076800
0.4295346736907959,-1.3488082885742188,2.4000000953674316,-1.2803093194961548,-2.199583053588867,7086400
0.057084470987319946,-1.3491381406784058,0.0,-8.303955078125,-9.596009254455566,7096800
0.9419275522232056,-1.3487921953201294,11.0,12.584296226501465,12.1774320602417,7107200
0.9526693224906921,-1.345149040222168,11.0,13.470907211303711,13.0784273147583,7117600
0.022723516449332237,-1.348419189453125,0.5,-5.563714981079102,-6.889410495758057,7128000
0.016883419826626778,-1.3414647579193115,0.0,-4.17581844329834,-5.500399589538574,7138400
0.045432958751916885,-1.3455088138580322,11.0,-4.403487205505371,-5.7035627365112305,7148800
0.04630085453391075,-1.3411262035369873,0.0,-5.967992305755615,-7.2628173828125,7158400
0.6985369920730591,-1.3482154607772827,0.0,8.216824531555176,7.567145824432373,7169600
0.8089715242385864,-1.3445121049880981,0.0,5.51482629776001,4.979285717010498,7180000
0.7953663468360901,-1.3440439701080322,0.0,9.57048225402832,9.021804809570312,7191200
0.8832353353500366,-1.3478246927261353,0.0,9.75047492980957,9.285884857177734,7201600
0.6297017335891724,-1.3481827974319458,0.0,4.652637958526611,3.934156894683838,7212000
0.011437858454883099,-1.3499131202697754,0.0,-3.1795990467071533,-4.518074035644531,7223200
0.02505696564912796,-1.3479660749435425,0.0,-4.513603687286377,-5.836513042449951,7233600
0.04249640926718712,-1.3488869667053223,6.0,-1.325609564781189,-2.631999969482422,7244000
0.01793256215751171,-1.346393346786499,0.0,-3.590759038925171,-4.919219970703125,7255200
0.031035136431455612,-1.3472793102264404,0.0,-4.0244832038879395,-5.34072732925415,7266400
0.021310901269316673,-1.3480392694473267,0.0,-5.556770324707031,-6.883498668670654,7276800
0.8958545327186584,-1.3462787866592407,1.0,10.954863548278809,10.504439353942871,7287200
0.018643930554389954,-1.3443998098373413,1.0,-4.62415075302124,-5.949906826019287,7298400
0.025191225111484528,-1.3461965322494507,0.6666666865348816,-6.46182107925415,-7.7828264236450195,7308800
0.710597813129425,-1.349592685699463,0.5,4.107733726501465,3.4687390327453613,7320000
0.01014406606554985,-1.3491507768630981,1.0,-3.5464096069335938,-4.885416507720947,7330400
0.03762408345937729,-1.3470085859298706,0.0,-5.705112934112549,-7.014497756958008,7341600
0.01616659387946129,-1.3474552631378174,0.0,-4.459957122802734,-5.791245460510254,7352800
0.730290412902832,-1.347186803817749,3.0,9.712331771850586,9.09543514251709,7363200
0.01860697939991951,-1.3425543308258057,0.0,-4.827788352966309,-6.151735305786133,7373600
1.3273780345916748,-1.3445751667022705,3.0,15.204424858093262,15.187228202819824,7384800
0.02950504794716835,-1.348834753036499,0.5,-7.517879009246826,-8.83720874786377,7395200
0.061387330293655396,-1.3446829319000244,0.5,-9.271089553833008,-10.5543851852417,7406400
0.03196915611624718,-1.3470464944839478,1.0,-6.424326419830322,-7.73940372467041,7416000
0.5151494741439819,-1.3462512493133545,5.5,1.1138066053390503,0.28270483016967773,7426400
0.031005434691905975,-1.3481676578521729,1.5,-7.28254508972168,-8.59970760345459,7436000
0.7062081098556519,-1.3441218137741089,2.75,7.278260231018066,6.640346527099609,7446400
0.9021602869033813,-1.3397753238677979,0.20000000298023224,5.970534324645996,5.532918930053711,7456000
0.0288543663918972,-1.3444029092788696,0.0,-5.371490955352783,-6.687039375305176,7467200
0.9380892515182495,-1.343022108078003,0.0,9.749692916870117,9.344759941101074,7477600
0.3767857849597931,-1.3416314125061035,3.0,-0.9879567623138428,-1.9528024196624756,7488000
0.9523475766181946,-1.3459069728851318,0.75,8.961156845092773,8.567597389221191,7498400
0.04262874275445938,-1.3447933197021484,0.0,-7.707687854766846,-9.009852409362793,7508800
0.018801290541887283,-1.3483902215957642,0.0,-4.8723225593566895,-6.201911449432373,7519200
0.02231619320809841,-1.3470470905303955,0.0,-3.1976094245910645,-4.522340297698975,7529600
2.144273281097412,-1.3462870121002197,0.0,31.266761779785156,32.06474685668945,7540000
0.04200039431452751,-1.347413182258606,0.0,-7.430424213409424,-8.73583698272705,7550400
0.6429822444915771,-1.3463648557662964,0.0,7.038154602050781,6.334772109985352,7560000
0.821387529373169,-1.346941351890564,11.0,9.916458129882812,9.390904426574707,7571200
0.9273837208747864,-1.3475289344787598,0.0,8.586138725280762,8.165992736816406,7580800
0.047448884695768356,-1.3449946641921997,0.5,-7.950001239776611,-9.247547149658203,7591200
0.030279729515314102,-1.3468928337097168,0.6666666865348816,-5.296532154083252,-6.613145351409912,7602400
0.8464515209197998,-1.3481686115264893,0.0,10.560786247253418,10.059069633483887,7612800
0.3025817275047302,-1.347098469734192,0.3333333432674408,-0.6974506974220276,-1.7419674396514893,7623200
0.8586868047714233,-1.3476532697677612,0.0,9.743779182434082,9.254812240600586,7633600
0.39909034967422485,-1.347901701927185,1.0,-1.3478126525878906,-2.296623945236206,7644000
0.009176013991236687,-1.349103331565857,0.0,-2.9905993938446045,-4.330526828765869,7654400
0.9351105690002441,-1.34817636013031,5.5,13.262076377868652,12.849011421203613,7665600
0.018032247200608253,-1.3473353385925293,1.0,-1.0214406251907349,-2.3507437705993652,7676000
0.023697534576058388,-1.3469715118408203,0.0,-5.060450553894043,-6.383724689483643,7686400
0.7414889931678772,-1.3453494310379028,0.0,3.345061779022217,2.741201400756836,7696800
0.6891986727714539,-1.3483319282531738,1.0,6.764350891113281,6.105217456817627,7706400
0.08724167943000793,-1.3480820655822754,1.0,-6.131115913391113,-7.391956329345703,7717600
0.03585321456193924,-1.3463919162750244,0.25,-8.093832969665527,-9.40437126159668,7728000
0.046011701226234436,-1.3410788774490356,0.0,-6.5177178382873535,-7.812784671783447,7738400
0.02732713706791401,-1.34757399559021,0.0,-5.167992115020752,-6.488239288330078,7749600
0.05997969210147858,-1.346298336982727,0.5,-8.685625076293945,-9.971943855285645,7759200
0.026350900530815125,-1.3463186025619507,0.0,-5.841403961181641,-7.16137170791626,7769600
0.18679682910442352,-1.3462443351745605,3.6666667461395264,-3.4098236560821533,-4.569271087646484,7780800
0.8410682678222656,-1.346200942993164,2.1666667461395264,10.506893157958984,10.001760482788086,7791200
0.02681810036301613,-1.3454418182373047,1.0,-4.0351080894470215,-5.353731632232666,7800800
0.04713220149278641,-1.3450204133987427,0.0,-8.308448791503906,-9.60633659362793,7811200
0.054814115166664124,-1.3420813083648682,0.0,-6.818875789642334,-8.1061429977417,7821600
0.2442735731601715,-1.3420579433441162,0.0,-4.922605037689209,-6.020389556884766,7832000
0.015430017374455929,-1.342908263206482,0.0,-3.2772905826568604,-4.604768753051758,7842400
0.016160206869244576,-1.3460164070129395,0.0,-4.492642879486084,-5.8224992752075195,7852800
0.0750243216753006,-1.3432645797729492,0.0,-10.348320007324219,-11.616559982299805,7863200
0.024393601343035698,-1.3449124097824097,0.0,-5.376140594482422,-6.696659564971924,7873600
0.02733222395181656,-1.343941330909729,0.5,-5.857590198516846,-7.174199104309082,7884800
0.0206818375736475,-1.3448444604873657,0.6666666865348816,-5.097381591796875,-6.421544075012207,7895200
0.03421737626194954,-1.3440629243850708,0.0,-6.138574600219727,-7.44842004776001,7905600
1.9456284046173096,-1.3435554504394531,0.0,29.871902465820312,30.473976135253906,7916000
0.018715567886829376,-1.3459243774414062,0.0,-5.740270137786865,-7.067479133605957,7926400
1.2359167337417603,-1.3463306427001953,0.0,11.909049987792969,11.798636436462402,7937600
0.6325904726982117,-1.3445099592208862,3.6666667461395264,6.643734455108643,5.931814670562744,7948000
0.6713504791259766,-1.3446483612060547,0.0,2.610349655151367,1.937051773071289,7958400
0.012095698155462742,-1.3455215692520142,0.0,-4.622583389282227,-5.9560089111328125,7969600
0.8145934343338013,-1.34429132938385,2.75,11.784571647644043,11.254873275756836,7980000
0.024156678467988968,-1.3428118228912354,0.20000000298023224,-4.966396808624268,-6.285052299499512,7990400
0.46647050976753235,-1.3385063409805298,2.5999999046325684,1.4556865692138672,0.5836507081985474,8000800
0.016237135976552963,-1.3386495113372803,0.0,-1.6711372137069702,-2.9935495853424072,8010400
0.7664143443107605,-1.3445043563842773,0.0,10.902152061462402,10.32406234741211,8019200
0.6245254278182983,-1.3449262380599976,11.0,7.628374099731445,6.907972812652588,8028800
0.02282671630382538,-1.3412033319473267,0.0,-5.971137046813965,-7.28951358795166,8040000
0.02532879449427128,-1.3441749811172485,0.0,-5.193073749542236,-6.511919975280762,8050400
0.8322532773017883,-1.3455140590667725,5.5,8.566277503967285,8.053016662597656,8060800
0.0143900690600276,-1.347034215927124,2.0,-4.588656902313232,-5.921300888061523,8071200
0.005456135608255863,-1.3459616899490356,0.0,-2.2682695388793945,-3.6087751388549805,8081600
0.016769733279943466,-1.3454530239105225,0.3333333432674408,-1.946615219116211,-3.275298595428467,8092800
0.02334829419851303,-1.345735788345337,0.0,-5.699461936950684,-7.021849632263184,8103200
0.31440168619155884,-1.3436644077301025,2.200000047683716,-1.6071622371673584,-2.636425018310547,8114400
0.808114230632782,-1.3456170558929443,2.75,8.467574119567871,7.930070877075195,8124800
0.010704105719923973,-1.346224308013916,0.0,-3.6757709980010986,-5.01129150390625,8136000
0.5376173853874207,-1.3479033708572388,0.0,3.589282989501953,2.7789969444274902,8147200
1.0448566675186157,-1.344582200050354,2.75,12.4614896774292,12.161764144897461,8157600
0.19731684029102325,-1.344902753829956,3.6666667461395264,-3.2227399349212646,-4.370326042175293,8168000
0.8668453097343445,-1.343039631843567,5.5,10.674044609069824,10.197850227355957,8179200
0.34352052211761475,-1.3469926118850708,1.0,-0.9042996168136597,-1.9077717065811157,8189600
0.04517393931746483,-1.345226764678955,0.0,-7.254573822021484,-8.55462646484375,8200000
0.42527320981025696,-1.3446290493011475,0.0,1.8195347785949707,0.9001789093017578,8211200
1.196547269821167,-1.3460617065429688,0.0,13.741819381713867,13.592305183410645,8222400
0.38192203640937805,-1.3458058834075928,3.6666667461395264,0.38831770420074463,-0.5755661725997925,8232800
0.019375624135136604,-1.344446063041687,0.4000000059604645,-4.404111385345459,-5.72918176651001,8244000
0.03174716234207153,-1.3445485830307007,0.6666666865348816,-6.111725330352783,-7.424526691436768,8254400
1.18524169921875,-1.3476983308792114,3.0,14.10706615447998,13.944609642028809,8264800
0.04613348841667175,-1.3396412134170532,0.0,-5.615209579467773,-6.908717155456543,8276000
0.47252675890922546,-1.3418958187103271,0.0,1.6093640327453613,0.739995002746582,8286400
0.7110702395439148,-1.34327232837677,11.0,5.626670837402344,4.994468688964844,8297600
0.01515168510377407,-1.3466051816940308,1.0,-3.865628480911255,-5.197082042694092,8308000
0.20243936777114868,-1.3442790508270264,0.0,-1.716693639755249,-2.8585333824157715,8318400
0.021840298548340797,-1.3467408418655396,0.5,-3.3609087467193604,-4.685809135437012,8329600
0.006416726391762495,-1.3485467433929443,0.0,-1.7142127752304077,-3.056342840194702,8340000
0.032432302832603455,-1.3466427326202393,0.0,-5.581851959228516,-6.896062850952148,8351200
0.7036522030830383,-1.3460309505462646,12.0,9.351640701293945,8.709261894226074,8361600
0.41276055574417114,-1.3466033935546875,0.0,0.7554908990859985,-0.17835187911987305,8372000
0.01876143179833889,-1.34549880027771,0.0,-3.9558470249176025,-5.282584190368652,8383200
0.009148092940449715,-1.345948576927185,0.0,-2.9290194511413574,-4.265820026397705,8393600
2.821715831756592,-1.3459265232086182,0.0,35.73780059814453,37.21358871459961,8404000
0.0555165633559227,-1.3409761190414429,0.0,-5.480300426483154,-6.7657599449157715,8414400
0.011230100877583027,-1.3482425212860107,0.0,-3.5084259510040283,-4.845438480377197,8425600
0.9536348581314087,-1.3440439701080322,0.0,7.069027423858643,6.678618431091309,8436000
0.025057049468159676,-1.347767949104309,0.0,-6.267801284790039,-7.590512275695801,8446400
1.6427764892578125,-1.3403384685516357,5.142857074737549,17.3231143951416,17.625553131103516,8457600
0.821516215801239,-1.343324065208435,0.25,3.7212181091308594,3.1994099617004395,8468000
0.7170813083648682,-1.3471614122390747,3.0,5.402706146240234,4.772625923156738,8478400
0.08092052489519119,-1.3456794023513794,0.0,-10.092264175415039,-11.357023239135742,8488800
0.563184380531311,-1.3431460857391357,5.5,5.478852272033691,4.698890686035156,8499200
0.030499229207634926,-1.3464454412460327,0.0,-5.869275093078613,-7.185221195220947,8509600
0.7781001329421997,-1.3478273153305054,0.0,5.946939468383789,5.377212047576904,8520800
0.05728187784552574,-1.3428574800491333,0.0,-8.560482025146484,-9.846057891845703,8531200
0.7582486867904663,-1.3439810276031494,6.0,6.8062968254089355,6.220564842224121,8541600
0.02412245236337185,-1.340529441833496,0.0,-3.9440674781799316,-5.26047420501709,8552000
0.029352370649576187,-1.3449679613113403,0.0,-5.743497371673584,-7.059113025665283,8563200
0.24569299817085266,-1.347477674484253,2.200000047683716,-4.07339334487915,-5.175178050994873,8573600
0.2354327142238617,-1.3455969095230103,0.0,-4.4603071212768555,-5.570471286773682,8584800
0.021675346419215202,-1.346842646598816,1.0,-4.772526741027832,-6.097694396972656,8594400
0.05036923289299011,-1.3444886207580566,0.0,-7.868536472320557,-9.1626558303833,8604800
0.0240771546959877,-1.3419721126556396,0.0,-4.8581671714782715,-6.17606258392334,8616000
0.04427950084209442,-1.3395605087280273,0.0,-6.445058822631836,-7.740339756011963,8626400
2.1480977535247803,-1.3411753177642822,0.0,28.193191528320312,29.00011444091797,8637600
0.03074423409998417,-1.3450292348861694,0.0,-4.716708183288574,-6.030993461608887,8647200
0.7332615852355957,-1.3384957313537598,0.0,2.1589157581329346,1.5536816120147705,8656800
0.03900247812271118,-1.338912010192871,0.5,-8.013087272644043,-9.312996864318848,8667200
2.5698184967041016,-1.3378983736038208,4.0,33.04053497314453,34.27245330810547,8677600
0.04574701562523842,-1.343590259552002,0.20000000298023224,-7.006859302520752,-8.304702758789062,8688000
0.046169839799404144,-1.3416603803634644,0.25,-6.493715763092041,-7.789206504821777,8698400
0.03630278632044792,-1.345001220703125,0.0,-4.244847774505615,-5.55354642868042,8708800
1.8804832696914673,-1.3461271524429321,0.0,20.960220336914062,21.494577407836914,8719200
0.4533267617225647,-1.343456506729126,1.8333333730697632,0.8261708617210388,-0.06395888328552246,8729600
0.0378083661198616,-1.3466660976409912,0.0,-4.016555309295654,-5.325412750244141,8740000
0.029467998072504997,-1.3441822528839111,0.0,-5.272759914398193,-6.5874738693237305,8750400
0.7815214991569519,-1.3428879976272583,5.5,11.669868469238281,11.108502388000488,8760800
0.021801983937621117,-1.3435919284820557,0.0,-5.186059951782227,-6.50784969329834,8771200
0.03664080426096916,-1.345247507095337,0.0,-4.676780700683594,-5.985387802124023,8781600
0.021853169426321983,-1.3472530841827393,0.0,-6.096371173858643,-7.421771049499512,8792000
1.3990038633346558,-1.3420825004577637,4.0,15.752792358398438,15.809713363647461,8803200
0.4119570553302765,-1.3452578783035278,11.0,-2.2670042514801025,-3.2003049850463867,8812800
0.06211131066083908,-1.3418407440185547,1.0,-5.985855579376221,-7.265584945678711,8823200
0.05131646618247032,-1.3425259590148926,1.0,-7.259525299072266,-8.550735473632812,8833600
1.123915672302246,-1.342550277709961,0.0,11.923311233520508,11.704676628112793,8844000
0.039232734590768814,-1.34854257106781,0.0,-8.106355667114258,-9.415664672851562,8854400
0.7170049548149109,-1.3462278842926025,0.0,2.5052647590637207,1.8760418891906738,8865600
0.03743377700448036,-1.347662329673767,0.0,-6.214514255523682,-7.52474308013916,8876000
0.746397078037262,-1.3474749326705933,0.0,4.140534400939941,3.539456367492676,8886400
0.03089611604809761,-1.3463128805160522,0.0,-7.343545436859131,-8.65896224975586,8896800
1.0576351881027222,-1.3468737602233887,0.0,10.273479461669922,9.984241485595703,8906400
0.9951921105384827,-1.3458410501480103,0.3333333432674408,6.627923965454102,6.277275085449219,8916800
0.03148556500673294,-1.348671793937683,0.0,-7.175967216491699,-8.49315357208252,8928000
0.37283921241760254,-1.3443087339401245,0.0,-2.429039716720581,-3.4005093574523926,8938400
1.12720787525177,-1.3454678058624268,0.20000000298023224,7.770859718322754,7.552599906921387,8948800
0.6280547380447388,-1.3441455364227295,0.0,5.44310998916626,4.727019309997559,8959200
0.024948276579380035,-1.3476654291152954,0.0,-4.118505477905273,-5.441222667694092,8970400
0.022059304639697075,-1.3484368324279785,1.0,-5.7924394607543945,-7.11881685256958,8980800
1.0036946535110474,-1.3456547260284424,0.0,9.715887069702148,9.373927116394043,8991200
0.0328063927590847,-1.3435407876968384,0.0,-6.058526515960693,-7.369260787963867,9001600
0.04702209308743477,-1.344124436378479,0.5,-8.66418743133545,-9.96129035949707,9012000
0.021699203178286552,-1.347210168838501,0.0,-5.879318714141846,-7.204829216003418,9023200
0.06193196028470993,-1.3457046747207642,0.5,-8.85442066192627,-10.13819408416748,9033600
0.012051619589328766,-1.348095178604126,0.0,-4.631717205047607,-5.967761039733887,9044000
0.12942887842655182,-1.3476650714874268,2.200000047683716,-4.259617805480957,-5.477853775024414,9055200
0.30067163705825806,-1.347712516784668,0.0,-0.09979011118412018,-1.1468310356140137,9065600
0.015383372083306313,-1.3454188108444214,0.5,-3.0605626106262207,-4.390597820281982,9076800
0.025909049436450005,-1.3492639064788818,0.0,-4.825459957122803,-6.148815155029297,9087200
0.038991887122392654,-1.3442645072937012,0.0,-7.154090881347656,-8.45936393737793,9098400
0.043034009635448456,-1.3434247970581055,0.20000000298023224,-5.732557773590088,-7.0329484939575195,9108800
1.1989139318466187,-1.3464866876602173,4.333333492279053,11.858016014099121,11.710442543029785,9120000
1.495951771736145,-1.3462008237838745,3.0,16.63188934326172,16.781641006469727,9130400
0.011917565949261189,-1.3496434688568115,0.0,-4.428855895996094,-5.7665815353393555,9141600
0.01841258816421032,-1.3490116596221924,0.0,-2.2608296871185303,-3.591428756713867,9152000
0.03281128406524658,-1.3464176654815674,0.0,-5.771461009979248,-7.0850677490234375,9162400
0.05044678971171379,-1.3420777320861816,0.0,-6.924198627471924,-8.215829849243164,9173600
0.4497121572494507,-1.3464720249176025,0.5,0.09442964196205139,-0.8023302555084229,9184000
1.626415491104126,-1.3431272506713867,2.75,21.589950561523438,21.87323760986328,9195200
0.022404324263334274,-1.3467233180999756,0.0,-5.709423542022705,-7.033742904663086,9205600
0.04423479363322258,-1.3433916568756104,0.4000000059604645,-6.9646501541137695,-8.26380729675293,9216000
0.17801262438297272,-1.3480112552642822,0.0,-5.297946929931641,-6.467945098876953,9226400
0.05510446056723595,-1.348016381263733,0.0,-7.592353820800781,-8.885266304016113,9236800
0.02492365427315235,-1.350185513496399,0.0,-6.0671796798706055,-7.392441272735596,9248000
0.03339024633169174,-1.3459299802780151,0.20000000298023224,-5.61672830581665,-6.9292683601379395,9258400
0.833499014377594,-1.3445765972137451,0.0,2.880424976348877,2.369347333908081,9268800
0.723657488822937,-1.3423081636428833,3.6666667461395264,2.824481248855591,2.2058305740356445,9279200
2.033747911453247,-1.3399639129638672,2.5999999046325684,20.481922149658203,21.17570686340332,9288800
0.9662098288536072,-1.347578525543213,0.0,10.721375465393066,10.340005874633789,9300000
0.055587586015462875,-1.3468612432479858,0.0,-8.037510871887207,-9.328783988952637,9310400
0.033402953296899796,-1.3469657897949219,0.0,-6.6982808113098145,-8.01184368133545,9320800
0.7194246649742126,-1.344604253768921,1.5714285373687744,2.287569522857666,1.6623899936676025,9332000
0.0411556251347065,-1.3496073484420776,1.0,-6.6983208656311035,-8.0067720413208,9342400
0.05150650069117546,-1.3434323072433472,0.0,-6.876173973083496,-8.168099403381348,9352800
0.043702539056539536,-1.347066044807434,0.0,-8.26720905303955,-9.570572853088379,9363200
0.04975011199712753,-1.3485006093978882,0.0,-8.300065994262695,-9.59881591796875,9373600
0.04852835088968277,-1.3458983898162842,0.3333333432674408,-8.518282890319824,-9.815652847290039,9384800
0.021432019770145416,-1.3487082719802856,0.0,-4.5703206062316895,-5.897596836090088,9395200
2.107853889465332,-1.3440396785736084,0.0,22.838552474975586,23.602367401123047,9405600
0.0790804848074913,-1.3460286855697632,0.0,-3.624926805496216,-4.89187479019165,9416800
0.4626891314983368,-1.346050500869751,0.0,-4.361441612243652,-5.244802951812744,9427200
0.059072934091091156,-1.346876859664917,1.0,-6.955768585205078,-8.243572235107422,9437600
1.2245992422103882,-1.347664713859558,0.0,13.931224822998047,13.808158874511719,9448000
0.031229645013809204,-1.3487071990966797,0.0,-5.699552059173584,-7.017029762268066,9458400
1.289786696434021,-1.3488011360168457,0.0,15.989262580871582,15.930248260498047,9468800
0.043540049344301224,-1.3466655015945435,0.20000000298023224,-8.14128303527832,-9.444408416748047,9480000
0.7777247428894043,-1.3457001447677612,2.75,5.465945243835449,4.897969722747803,9490400
0.027292601764202118,-1.347421646118164,1.0,-4.644429683685303,-5.9645586013793945,9500000
0.028721952810883522,-1.3461450338363647,0.0,-4.800832748413086,-6.118256092071533,9510400
1.1201990842819214,-1.3460826873779297,0.0,13.596142768859863,13.370259284973145,9520800
0.045592013746500015,-1.346345067024231,0.0,-6.121916770935059,-7.422669887542725,9532000
0.018528372049331665,-1.3476591110229492,2.0,-5.002635478973389,-6.331766128540039,9542400
0.08145412802696228,-1.3453505039215088,0.25,-8.7721529006958,-10.036048889160156,9552000
0.05264577642083168,-1.348537564277649,0.0,-7.988983631134033,-9.284875869750977,9562400
0.5236976742744446,-1.3487796783447266,1.0,3.5396318435668945,2.714550018310547,9572800
1.2847622632980347,-1.3478357791900635,0.0,15.303079605102539,15.240005493164062,9584000
0.84438556432724,-1.347515344619751,5.5,10.305588722229004,9.802458763122559,9594400
0.3862813711166382,-1.3496732711791992,0.0,-0.2967301309108734,-1.2601220607757568,9604800
0.02200283668935299,-1.3499112129211426,0.0,-4.752752780914307,-6.080661296844482,9615200
0.0409957692027092,-1.3484995365142822,0.0,-7.892430305480957,-9.199934005737305,9626400
0.46708837151527405,-1.3465546369552612,0.0,0.9045644402503967,0.025098204612731934,9636800
0.04116159304976463,-1.3473159074783325,1.5,-8.401266098022461,-9.707420349121094,9647200
1.874833106994629,-1.3494254350662231,3.25,17.000165939331055,17.52557373046875,9657600
1.1228883266448975,-1.345654845237732,0.0,10.946999549865723,10.724233627319336,9668000
0.02450770139694214,-1.3486284017562866,0.0,-5.770942211151123,-7.095063209533691,9678400
0.7559922933578491,-1.3492940664291382,0.0,4.72262716293335,4.1293253898620605,9688800
0.8611489534378052,-1.3473775386810303,0.0,5.162445545196533,4.676217079162598,9698400
0.058217231184244156,-1.348197102546692,0.0,-8.677336692810059,-9.967316627502441,9708000
0.027814963832497597,-1.347170114517212,0.5,-2.3821871280670166,-3.701542377471924,9718400
1.0703121423721313,-1.347629189491272,0.0,12.033888816833496,11.756571769714355,9728800
0.08570674061775208,-1.3417277336120605,0.0,-8.784032821655273,-10.040054321289062,9739200
0.1390027105808258,-1.346450924873352,0.0,-5.7717084884643555,-6.979156494140625,9750400
0.02158685214817524,-1.347683072090149,0.0,-5.327441215515137,-6.653537273406982,9759200
0.026727691292762756,-1.3458712100982666,0.25,-6.238422393798828,-7.557565689086914,9770400
0.5528967976570129,-1.3462198972702026,2.4000000953674316,-0.17104753851890564,-0.964370608329773,9780000
0.9076399207115173,-1.3455655574798584,0.0,8.049263954162598,7.611337661743164,9790400
0.051629744470119476,-1.3443317413330078,0.0,-7.5166730880737305,-8.809375762939453,9800000
0.04330553114414215,-1.3475360870361328,0.0,-6.380834579467773,-7.685065269470215,9809600
0.01832214742898941,-1.3494045734405518,0.0,-5.199323654174805,-6.5304059982299805,9820000
0.015015334822237492,-1.3502203226089478,0.0,-2.02186918258667,-3.35707426071167,9829600
0.01892337016761303,-1.3490420579910278,0.0,-5.191415309906006,-6.521533966064453,9840000
0.03579457849264145,-1.346490740776062,0.0,-5.368253231048584,-6.678949356079102,9849600
0.02579454891383648,-1.3470690250396729,0.5,-5.431975364685059,-6.7532501220703125,9860000
0.022236637771129608,-1.3480430841445923,0.0,-5.011887550354004,-6.337693691253662,9870400
0.027140125632286072,-1.3473193645477295,0.3333333432674408,-6.195565223693848,-7.515744209289551,9880000
0.02928623929619789,-1.3492262363433838,0.0,-3.75433611869812,-5.074275970458984,9889600
0.7220994234085083,-1.3459911346435547,2.75,1.9210968017578125,1.2972049713134766,9900000
0.01780608296394348,-1.3465332984924316,0.0,-4.9209208488464355,-6.249648094177246,9909600
0.018407467752695084,-1.348073959350586,0.0,-3.488837480545044,-4.8185038566589355,9920000
1.1291453838348389,-1.3473799228668213,0.0,10.879329681396484,10.66109561920166,9929600
0.036446623504161835,-1.3472439050674438,0.0,-7.2841362953186035,-8.59493350982666,9940000
1.3255953788757324,-1.3482786417007446,0.0,17.95728302001953,17.934600830078125,9950400
0.018475962802767754,-1.347772479057312,0.0,-5.56764030456543,-6.896936893463135,9960000
0.06648460030555725,-1.3467772006988525,0.0,-9.381071090698242,-10.66136360168457,9969600
0.034829430282115936,-1.3483924865722656,0.3333333432674408,-4.55897331237793,-5.8725361824035645,9980000
0.03705110773444176,-1.3474721908569336,0.0,-7.216418743133545,-8.526840209960938,9989600
1.0174275636672974,-1.34779691696167,0.5,7.680856704711914,7.350487232208252,10000000
