baseline_loss,entropy_loss,mean_episode_return,pg_loss,total_loss,frame
1.1515865325927734,-0.06665883958339691,0.0,0.28028416633605957,1.365211844444275,1600
10.402938842773438,-0.1348315179347992,0.0,-0.21179363131523132,10.056313514709473,8000
4.797246932983398,-0.28476330637931824,0.0,1.0087584257125854,5.521242141723633,19200
20.418777465820312,-0.3164253234863281,0.0,-0.9144980907440186,19.187854766845703,29600
4.930805206298828,-0.6303525567054749,0.0,-3.0259945392608643,1.2744581699371338,39200
1.5872079133987427,-0.8781368732452393,0.0,-0.046867914497852325,0.6622030735015869,50400
0.8714737296104431,-0.890537679195404,0.0,2.173804759979248,2.154740810394287,60800
1.7156004905700684,-0.9779322743415833,0.20000000298023224,-4.625699043273926,-3.888030767440796,71200
0.37115034461021423,-1.008244276046753,0.0,3.9197537899017334,3.2826597690582275,80800
0.7777422666549683,-1.0245990753173828,0.0,4.030447959899902,3.7835912704467773,92000
0.3514990210533142,-1.1818034648895264,0.0,1.7404731512069702,0.9101686477661133,102400
0.5131707787513733,-1.21530282497406,0.0,-7.532794952392578,-8.2349271774292,112800
0.3434391915798187,-1.2936482429504395,0.0,0.5211228132247925,-0.42908620834350586,123200
0.24976465106010437,-1.2771157026290894,0.0,-6.2435221672058105,-7.270873546600342,134400
0.05027298256754875,-1.2990100383758545,0.0,-0.6721303462982178,-1.9208674430847168,144800
0.14496257901191711,-1.273248553276062,0.0,-0.2749074697494507,-1.403193473815918,154400
0.04955407977104187,-1.3017888069152832,0.0,-0.8749555945396423,-2.127190351486206,166400
0.38671886920928955,-1.3227306604385376,2.75,4.418008804321289,3.481997013092041,176800
0.3425220549106598,-1.3071601390838623,5.5,5.31868314743042,4.3540449142456055,187200
0.03220861405134201,-1.3171193599700928,0.0,1.3334012031555176,0.04849040508270264,197600
0.19969692826271057,-1.3194531202316284,0.0,-0.7817423343658447,-1.901498556137085,208800
0.09282442927360535,-1.3320634365081787,0.0,-3.949761152267456,-5.189000129699707,219200
0.15320946276187897,-1.3259767293930054,0.0,-4.219143390655518,-5.391910552978516,230400
0.0065866438671946526,-1.3410595655441284,0.0,-0.3178902566432953,-1.6523631811141968,240800
0.017187928780913353,-1.3336009979248047,0.0,-1.063313364982605,-2.3797264099121094,251200
0.023858649656176567,-1.3289525508880615,0.0,1.6386964321136475,0.33360254764556885,261600
0.0117789376527071,-1.339999794960022,0.0,-2.9858975410461426,-4.314118385314941,272000
0.33595436811447144,-1.3322274684906006,4.0,2.427161693572998,1.4308886528015137,283200
0.3437243103981018,-1.3431953191757202,0.0,7.113105297088623,6.11363410949707,293600
0.009547564201056957,-1.3362658023834229,0.0,-0.4833999574184418,-1.8101181983947754,304000
0.1189497858285904,-1.335529088973999,0.0,-11.544170379638672,-12.760749816894531,314400
0.018695851787924767,-1.3340243101119995,0.0,-0.1637302190065384,-1.4790587425231934,326400
0.7221747040748596,-1.3357665538787842,5.5,12.312261581420898,11.69866943359375,336000
0.01279737800359726,-1.3356759548187256,0.0,1.3866299390792847,0.06375133991241455,346400
0.018362445756793022,-1.3413935899734497,0.0,-2.3577473163604736,-3.6807785034179688,356800
0.8642464280128479,-1.3383216857910156,1.8333333730697632,15.517754554748535,15.043680191040039,368000
0.03837856277823448,-1.3361387252807617,0.0,-7.6174702644348145,-8.915229797363281,379200
0.017195584252476692,-1.3343511819839478,1.0,-0.34483692049980164,-1.6619925498962402,389600
0.17089428007602692,-1.3385463953018188,1.0,1.7575815916061401,0.589929461479187,400000
0.46076804399490356,-1.3429960012435913,5.5,6.1826653480529785,5.3004374504089355,411200
0.010153697803616524,-1.3384556770324707,0.0,0.4226469099521637,-0.905655026435852,422400
0.21880465745925903,-1.3437130451202393,0.0,4.2642717361450195,3.1393635272979736,432800
0.004269258119165897,-1.3444759845733643,0.0,-0.43700483441352844,-1.7772115468978882,443200
0.017310289666056633,-1.3402777910232544,0.0,-1.590015172958374,-2.912982702255249,454400
0.035155411809682846,-1.336256742477417,0.0,-5.446250915527344,-6.747352600097656,464800
0.005619713570922613,-1.3380638360977173,0.0,-2.413642406463623,-3.746086597442627,475200
0.09440848976373672,-1.337133765220642,0.0,-10.919464111328125,-12.162189483642578,486400
0.2775455117225647,-1.3339933156967163,4.0,4.849287986755371,3.792840003967285,496800
0.16454102098941803,-1.3390012979507446,0.0,0.507351815700531,-0.6671084761619568,508000
0.0596688911318779,-1.3408676385879517,0.0,-10.803997039794922,-12.085196495056152,517600
0.054273542016744614,-1.3378373384475708,0.0,-4.096939563751221,-5.380503177642822,529600
0.016346516087651253,-1.337263822555542,0.0,-3.6324546337127686,-4.953372001647949,540800
0.005832335911691189,-1.3399147987365723,0.0,-2.3376717567443848,-3.6717541217803955,551200
0.0005883397534489632,-1.3401658535003662,0.0,-0.07062623649835587,-1.4102036952972412,561600
0.0013227653689682484,-1.34508216381073,0.0,0.165370911359787,-1.1783884763717651,572800
0.4876153767108917,-1.341999888420105,3.0,8.945587158203125,8.091202735900879,583200
0.4016817808151245,-1.339155912399292,0.0,2.442225217819214,1.5047509670257568,593600
0.617045521736145,-1.3436537981033325,4.0,10.787262916564941,10.060654640197754,604000
0.004597360733896494,-1.344934105873108,0.0,-2.874138116836548,-4.214474678039551,615200
0.0013240010011941195,-1.3432202339172363,0.0,-0.1590036004781723,-1.5008997917175293,626400
0.002752944827079773,-1.3420910835266113,0.0,-2.085286855697632,-3.4246249198913574,636800
0.004084947519004345,-1.3424334526062012,0.0,-2.786134958267212,-4.124483108520508,647200
0.0012807640014216304,-1.3454922437667847,0.0,-0.24220940470695496,-1.5864208936691284,657600
0.2604735195636749,-1.3297265768051147,0.0,-2.811703681945801,-3.8809566497802734,668000
0.00012963017798028886,-1.3447831869125366,0.0,-0.1326597034931183,-1.4773132801055908,678400
0.02944139763712883,-1.3481509685516357,0.0,-6.936960697174072,-8.255670547485352,688800
0.16312503814697266,-1.346329927444458,0.0,1.3899586200714111,0.20675373077392578,699200
0.6423502564430237,-1.3441346883773804,0.0,10.78630542755127,10.084521293640137,710400
0.2977255582809448,-1.3477823734283447,1.0,2.729712963104248,1.6796562671661377,720800
0.7586193680763245,-1.3473968505859375,2.75,5.587371826171875,4.998594284057617,732000
0.27452048659324646,-1.3487952947616577,5.5,3.795811414718628,2.721536636352539,743200
0.0024570911191403866,-1.3445522785186768,0.0,-1.7214500904083252,-3.0635452270507812,753600
0.34661659598350525,-1.3443082571029663,2.75,1.9210225343704224,0.9233309030532837,764000
0.470827579498291,-1.3480240106582642,2.75,5.972766399383545,5.095570087432861,774400
0.5434078574180603,-1.3436630964279175,0.0,5.957170486450195,5.156915187835693,785600
0.0001970327430171892,-1.345642328262329,0.0,-0.09620203822851181,-1.4416472911834717,796800
0.07433921843767166,-1.3451532125473022,0.3333333432674408,-12.067092895507812,-13.337906837463379,806400
0.02423684671521187,-1.3444486856460571,0.0,-7.259631156921387,-8.579843521118164,817600
0.00012236072507221252,-1.3418093919754028,0.0,-0.3112422227859497,-1.6529293060302734,828000
0.01396077498793602,-1.3439043760299683,0.0,-5.357280254364014,-6.6872239112854,839200
0.0015770775498822331,-1.3449872732162476,0.0,-0.2868041396141052,-1.6302143335342407,849600
0.8364081978797913,-1.3473281860351562,0.0,7.908164024353027,7.397244453430176,860000
0.001971285790205002,-1.3468458652496338,0.0,-0.6835360527038574,-2.0284106731414795,871200
0.019468184560537338,-1.3451632261276245,0.0,-5.972776412963867,-7.298471450805664,882400
0.02260272018611431,-1.3448480367660522,0.0,-6.8440070152282715,-8.166252136230469,892800
0.014725917018949986,-1.346679925918579,0.0,-5.655104637145996,-6.987058639526367,903200
0.01086378563195467,-1.3480998277664185,0.0,-5.2433600425720215,-6.580595970153809,913600
0.004735028371214867,-1.3435919284820557,0.0,0.021441014483571053,-1.3174158334732056,924800
0.32524874806404114,-1.3425486087799072,0.0,4.105779647827148,3.08847975730896,935200
0.1902269870042801,-1.3427274227142334,0.0,1.6846184730529785,0.5321180820465088,944800
0.06999678909778595,-1.3452318906784058,0.25,-11.628761291503906,-12.903996467590332,956800
0.0014973330544307828,-1.3476612567901611,0.0,-1.2853765487670898,-2.631540298461914,967200
0.009432191029191017,-1.3455722332000732,0.0,-4.103446960449219,-5.439586639404297,977600
0.013804920017719269,-1.3384324312210083,0.0,-4.9974365234375,-6.32206392288208,988800
1.1744173765182495,-1.3393828868865967,5.5,18.49498748779297,18.33002281188965,999200
0.7469185590744019,-1.336700677871704,11.0,13.755369186401367,13.165587425231934,1009600
0.7498724460601807,-1.3399794101715088,1.0,14.082090377807617,13.491983413696289,1020000
0.5456539392471313,-1.3396775722503662,0.0,10.670309066772461,9.876285552978516,1030400
0.10444438457489014,-1.3338593244552612,0.0,-7.974175453186035,-9.203590393066406,1041600
0.006230552215129137,-1.3459899425506592,0.25,-3.255742073059082,-4.59550142288208,1052000
0.3104144036769867,-1.34446382522583,0.3333333432674408,-19.121803283691406,-20.155851364135742,1062400
0.00121799495536834,-1.3463703393936157,0.0,-1.6325724124908447,-2.97772479057312,1073600
0.014150631614029408,-1.3485866785049438,0.5,-5.279078960418701,-6.6135149002075195,1083200
0.2860088050365448,-1.349158763885498,5.5,-2.5302481651306152,-3.593398094177246,1093600
0.6179874539375305,-1.3492815494537354,0.3333333432674408,10.497350692749023,9.766057014465332,1104800
5.1173072279198095e-05,-1.3488216400146484,0.3333333432674408,-0.05566083639860153,-1.4044313430786133,1115200
0.011114412918686867,-1.349913477897644,0.0,-4.782923698425293,-6.12172269821167,1124800
0.37982314825057983,-1.3505929708480835,11.0,1.0349912643432617,0.06422150135040283,1136000
0.014309030957520008,-1.3506077527999878,0.0,-5.960989475250244,-7.297288417816162,1146400
0.018474984914064407,-1.349945068359375,0.0,-6.819619655609131,-8.151089668273926,1157600
0.016228580847382545,-1.3496801853179932,0.6666666865348816,-5.131819725036621,-6.46527099609375,1168000
0.0011110655032098293,-1.3497954607009888,0.5,-1.5138148069381714,-2.862499237060547,1177600
0.48984211683273315,-1.346846580505371,5.5,0.27940401434898376,-0.5776004791259766,1188800
0.001227332279086113,-1.347842812538147,1.0,-1.5755016803741455,-2.922117233276367,1200000
0.5433078408241272,-1.346404790878296,12.0,4.079693794250488,3.276596784591675,1210400
0.033994391560554504,-1.3440519571304321,0.5,-7.977654933929443,-9.287713050842285,1220800
0.0018721461528912187,-1.3437657356262207,0.0,-1.1119333505630493,-2.453826904296875,1232000
0.4643382728099823,-1.3432106971740723,2.75,4.563594341278076,3.6847219467163086,1242400
0.00041281632729806006,-1.3462258577346802,0.0,-0.8854247331619263,-2.2312378883361816,1252800
0.011905166320502758,-1.3448166847229004,0.0,-4.85069465637207,-6.183606147766113,1263200
1.0099166631698608,-1.3462821245193481,5.5,17.67885971069336,17.342493057250977,1274400
0.531944215297699,-1.3453593254089355,0.0,8.706247329711914,7.892832279205322,1284800
0.027799738571047783,-1.3435349464416504,0.5,-7.086726188659668,-8.402462005615234,1295200
0.24953408539295197,-1.341847538948059,0.0,0.7173124551773071,-0.3750010132789612,1305600
0.006499334238469601,-1.3422678709030151,0.0,-3.7925848960876465,-5.128353595733643,1316800
0.34999653697013855,-1.3425748348236084,5.5,-4.966728687286377,-5.959306716918945,1327200
0.04277143254876137,-1.34330415725708,0.0,-9.691576957702637,-10.992109298706055,1337600
0.005625056568533182,-1.341633677482605,0.0,-3.2515246868133545,-4.587533473968506,1348800
0.018156832084059715,-1.3440771102905273,0.0,-6.253768444061279,-7.579688549041748,1360000
0.2577938735485077,-1.3436881303787231,1.375,-0.03400200605392456,-1.1198962926864624,1369600
0.9512549638748169,-1.342494010925293,0.0,9.521289825439453,9.130050659179688,1380800
0.012419944629073143,-1.3411881923675537,2.0,-5.233338832855225,-6.562107086181641,1392000
0.644893229007721,-1.3426156044006348,1.0,7.083739757537842,6.386017322540283,1402400
0.00711643323302269,-1.343078374862671,0.0,-3.956824541091919,-5.292786598205566,1412800
0.008381573483347893,-1.3406380414962769,0.0,-3.9368855953216553,-5.269142150878906,1424000
0.4159868657588959,-1.344061255455017,0.0,5.719182968139648,4.79110860824585,1434400
0.007515118457376957,-1.345742106437683,0.0,-3.767894744873047,-5.10612154006958,1445600
0.0074501666240394115,-1.3468677997589111,0.0,-3.8678364753723145,-5.207254409790039,1456000
0.5680354833602905,-1.3468310832977295,0.0,3.826336622238159,3.0475409030914307,1467200
0.007359958719462156,-1.347261905670166,0.1666666716337204,-3.8186697959899902,-5.158571720123291,1477600
0.009386288933455944,-1.3482099771499634,0.0,-4.214102268218994,-5.552926063537598,1488000
0.36726298928260803,-1.3487900495529175,3.6666667461395264,4.111978530883789,3.130451202392578,1498400
0.013022390194237232,-1.3491520881652832,0.0,-5.1421966552734375,-6.478326320648193,1508800
0.004765874240547419,-1.348279595375061,0.5,-3.0454328060150146,-4.388946533203125,1519200
0.009325459599494934,-1.3475399017333984,0.0,-3.383457660675049,-4.721672058105469,1529600
0.00036876919330097735,-1.3469196557998657,0.0,-0.9244437217712402,-2.2709946632385254,1540000
0.5637312531471252,-1.3451097011566162,0.20000000298023224,8.445701599121094,7.664322853088379,1550400
0.0001100132503779605,-1.3451937437057495,0.0,-0.4834163188934326,-1.8285000324249268,1560800
0.004212716594338417,-1.34650719165802,0.0,-3.024610996246338,-4.366905689239502,1571200
0.5635101795196533,-1.346343994140625,0.3333333432674408,5.490592002868652,4.707757949829102,1581600
0.37497854232788086,-1.3446061611175537,1.8333333730697632,3.929382562637329,2.9597551822662354,1592000
0.0007352643297053874,-1.3447396755218506,0.0,-1.0397247076034546,-2.3837289810180664,1603200
0.5137828588485718,-1.3464840650558472,6.0,6.069879055023193,5.237177848815918,1613600
0.007541843224316835,-1.346393346786499,0.0,-4.282665729522705,-5.621517181396484,1624000
8.183588943211362e-05,-1.346266269683838,0.0,-0.4199093282222748,-1.7660937309265137,1634400
0.601128339767456,-1.3461004495620728,6.5,9.725422859191895,8.980450630187988,1645600
0.003626404097303748,-1.34625244140625,0.5,-2.7667040824890137,-4.109330177307129,1656000
0.027063975110650063,-1.3467286825180054,0.0,-7.214923858642578,-8.534588813781738,1666400
0.01442975364625454,-1.3470646142959595,0.0,-5.9326348304748535,-7.265269756317139,1676800
0.012691064737737179,-1.3470934629440308,0.0,-5.65789270401001,-6.992295265197754,1687200
0.01122744008898735,-1.34531831741333,0.0,-5.080970287322998,-6.415060997009277,1696800
0.21939919888973236,-1.343806266784668,0.0,-6.373434066772461,-7.4978413581848145,1708000
0.7621724605560303,-1.3447734117507935,0.0,11.9837007522583,11.401100158691406,1718400
0.42542093992233276,-1.3453540802001953,5.5,5.455822944641113,4.535889625549316,1728800
0.00047741844900883734,-1.346237301826477,0.0,-1.100602149963379,-2.446362018585205,1739200
0.0011948792962357402,-1.346516728401184,0.0,-1.5751622915267944,-2.9204840660095215,1749600
0.2908880412578583,-1.3466039896011353,0.25,-2.0413873195648193,-3.0971031188964844,1760000
0.48332589864730835,-1.346542477607727,3.6666667461395264,7.256662368774414,6.39344596862793,1770400
0.4877331852912903,-1.3456825017929077,11.0,5.281493663787842,4.423544406890869,1780800
0.20901058614253998,-1.347035527229309,4.333333492279053,-3.677591562271118,-4.815616607666016,1792000
0.3740105628967285,-1.3476122617721558,4.0,1.0903668403625488,0.11676514148712158,1803200
1.4365793466567993,-1.3469713926315308,0.0,19.636207580566406,19.725814819335938,1813600
0.6309512257575989,-1.3465709686279297,0.0,8.615955352783203,7.900335311889648,1824000
0.05312560871243477,-1.347046971321106,6.0,-2.7058796882629395,-3.9998011589050293,1835200
0.03267962858080864,-1.347313404083252,0.20000000298023224,-8.026520729064941,-9.341154098510742,1844800
0.6422787308692932,-1.3469696044921875,0.0,8.739524841308594,8.034833908081055,1855200
0.001750204130075872,-1.3468513488769531,0.0,-1.894956111907959,-3.2400572299957275,1865600
0.03127642348408699,-1.3472203016281128,1.0,-8.399145126342773,-9.715088844299316,1876000
0.07122913002967834,-1.347830891609192,0.0,-11.868579864501953,-13.145181655883789,1887200
0.013785179704427719,-1.3483020067214966,0.5,-5.388718605041504,-6.723235130310059,1896800
0.4166082739830017,-1.3480406999588013,0.0,4.208137512207031,3.276705265045166,1907200
0.000819654087536037,-1.348093032836914,3.0,-1.3360956907272339,-2.6833691596984863,1916800
0.6265528202056885,-1.348369836807251,11.0,7.757355690002441,7.035538673400879,1928000
0.47475674748420715,-1.3472599983215332,0.5,6.599073886871338,5.7265706062316895,1939200
0.00634588859975338,-1.3491064310073853,0.0,-3.7272965908050537,-5.070056915283203,1949600
0.001630999962799251,-1.3484584093093872,0.0,-1.87615966796875,-3.222987174987793,1960800
0.013462989591062069,-1.3488115072250366,0.0,-5.441984176635742,-6.777332782745361,1971200
4.976628042641096e-05,-1.3490546941757202,0.0,-0.3385978937149048,-1.6876027584075928,1981600
0.002729359082877636,-1.348658561706543,0.0,-2.3620071411132812,-3.7079362869262695,1992800
0.001939775189384818,-1.3494493961334229,0.0,-2.2071502208709717,-3.554659843444824,2002400
0.48009181022644043,-1.3490171432495117,0.0,3.675159454345703,2.806234359741211,2012800
0.014673816971480846,-1.3496739864349365,0.0,-5.63858699798584,-6.9735870361328125,2023200
0.046276550740003586,-1.3492590188980103,0.0,-9.903404235839844,-11.206387519836426,2033600
0.18972066044807434,-1.349244236946106,1.0,-1.2057503461837769,-2.365273952484131,2044800
0.006884671747684479,-1.349230170249939,0.0,-4.170694351196289,-5.513040065765381,2055200
0.008509695529937744,-1.3485546112060547,0.5,-4.225414276123047,-5.565459251403809,2065600
0.0326874665915966,-1.348422646522522,0.0,-8.402994155883789,-9.718729972839355,2076800
0.424102783203125,-1.3483418226242065,5.5,-1.0380902290344238,-1.9623292684555054,2087200
0.5067954063415527,-1.3480732440948486,3.6666667461395264,4.562316417694092,3.721038579940796,2097600
0.0088123744353652,-1.3482458591461182,0.0,-4.5541558265686035,-5.893589019775391,2108000
0.012246696278452873,-1.3479353189468384,0.0,-5.18793249130249,-6.523621082305908,2118400
0.0020699291490018368,-1.3475069999694824,0.0,-2.2466137409210205,-3.592050790786743,2128800
0.03536859527230263,-1.3484891653060913,0.0,-9.339990615844727,-10.65311050415039,2138400
0.17292046546936035,-1.3484089374542236,3.6666667461395264,-1.1966134309768677,-2.3721017837524414,2149600
0.0017471581231802702,-1.3474212884902954,0.0,-2.0760512351989746,-3.421725273132324,2160000
0.02163584716618061,-1.3475215435028076,0.0,-6.81536340713501,-8.14124870300293,2170400
0.6346117258071899,-1.3476459980010986,0.0,3.8705103397369385,3.1574761867523193,2180800
0.00010150846355827525,-1.3484944105148315,0.0,-0.4653656482696533,-1.8137586116790771,2191200
0.00011443036783020943,-1.3491032123565674,0.0,-0.499246746301651,-1.8482354879379272,2202400
0.642716109752655,-1.3480885028839111,2.0,-2.226778745651245,-2.9321510791778564,2212000
0.0020500037353485823,-1.3480494022369385,0.0,-2.0474915504455566,-3.39349102973938,2223200
0.02415619045495987,-1.347425103187561,0.0,-7.084890365600586,-8.408159255981445,2233600
0.6197851300239563,-1.347542643547058,0.0,10.324578285217285,9.596820831298828,2244000
0.48398512601852417,-1.3473048210144043,11.0,4.276745319366455,3.4134254455566406,2254400
0.005832095630466938,-1.3477424383163452,0.0,-3.7695424556732178,-5.111452579498291,2265600
0.0018647375982254744,-1.3477648496627808,0.0,-2.039661169052124,-3.385561466217041,2275200
0.0018555365968495607,-1.3481359481811523,0.0,-2.1537790298461914,-3.5000593662261963,2286400
0.5717692971229553,-1.3472472429275513,12.0,4.348050117492676,3.5725722312927246,2296800
0.16278448700904846,-1.3474715948104858,2.75,-5.616823196411133,-6.801510334014893,2308000
0.5996320247650146,-1.346597671508789,2.75,7.077162742614746,6.330197334289551,2318400
0.5460746884346008,-1.3469957113265991,0.25,2.7427902221679688,1.9418691396713257,2328800
0.001911283703520894,-1.348042607307434,0.0,-2.1774191856384277,-3.523550510406494,2339200
0.018649496138095856,-1.3475444316864014,0.3333333432674408,-6.3122944831848145,-7.6411895751953125,2349600
0.656863808631897,-1.3475486040115356,0.0,6.632608413696289,5.94192361831665,2360800
0.004262198694050312,-1.3473576307296753,0.0,-3.0428950786590576,-4.385990619659424,2371200
0.0035446700640022755,-1.3485859632492065,0.5,-2.739549160003662,-4.084590435028076,2380800
0.001563018886372447,-1.3485766649246216,0.5,-1.8357102870941162,-3.1827239990234375,2391200
0.0026784848887473345,-1.3482025861740112,0.0,-2.3414080142974854,-3.68693208694458,2401600
0.032011229544878006,-1.3487766981124878,0.0,-8.552886009216309,-9.869651794433594,2412000
0.0033899142872542143,-1.348863959312439,0.0,-2.9114415645599365,-4.25691556930542,2421600
0.036951448768377304,-1.3493525981903076,0.0,-8.826631546020508,-10.139033317565918,2432000
0.0032215258106589317,-1.349480152130127,1.0,-2.552490234375,-3.8987488746643066,2441600
0.7490826845169067,-1.3494175672531128,5.5,6.754969596862793,6.154634475708008,2452800
0.015786899253726006,-1.3495081663131714,0.0,-6.262574672698975,-7.5962958335876465,2463200
0.6121746301651001,-1.349712610244751,0.0,5.4824981689453125,4.744959831237793,2473600
0.03279486298561096,-1.350433349609375,0.0,-8.172212600708008,-9.489850997924805,2484000
0.061192821711301804,-1.3503806591033936,1.0,-11.559643745422363,-12.848832130432129,2494400
0.01881483569741249,-1.34715735912323,0.0,-6.838464260101318,-8.1668062210083,2504800
0.7955062389373779,-1.347517728805542,1.375,7.370916843414307,6.818904876708984,2515200
0.02327726222574711,-1.3471660614013672,0.0,-6.857522010803223,-8.181410789489746,2525600
0.53489750623703,-1.3474406003952026,11.0,4.950004577636719,4.137461185455322,2536800
0.0056401267647743225,-1.3484370708465576,0.0,-3.7250733375549316,-5.067870140075684,2547200
0.0117923179641366,-1.3489513397216797,0.0,-5.421194076538086,-6.758353233337402,2557600
0.760213315486908,-1.348998785018921,11.0,11.56322956085205,10.974443435668945,2568000
0.3212151527404785,-1.3488818407058716,2.75,-2.3026645183563232,-3.330331325531006,2578400
1.5818986892700195,-1.3485920429229736,0.0,24.847938537597656,25.08124351501465,2588800
0.5276021361351013,-1.34909987449646,3.6666667461395264,6.0242156982421875,5.2027177810668945,2599200
0.644230842590332,-1.3483113050460815,7.5,5.120456218719482,4.416375637054443,2609600
0.44033464789390564,-1.3489201068878174,0.0,3.263272762298584,2.354687213897705,2619200
0.018364744260907173,-1.34958815574646,0.20000000298023224,-5.87648868560791,-7.207712173461914,2629600
0.8403926491737366,-1.3492262363433838,0.5,8.499909400939941,7.991076469421387,2640000
0.7480630278587341,-1.349372386932373,0.0,9.482820510864258,8.881511688232422,2651200
0.008955556899309158,-1.34782874584198,0.0,-4.479383945465088,-5.8182573318481445,2660800
0.013269389048218727,-1.3484684228897095,0.0,-5.171888828277588,-6.507087707519531,2672000
0.48588916659355164,-1.3474452495574951,0.5,0.562747597694397,-0.2988084554672241,2681600
0.7424888014793396,-1.3475353717803955,0.0,11.812688827514648,11.207642555236816,2692800
0.020191455259919167,-1.3469544649124146,0.25,-6.546823501586914,-7.873586177825928,2704000
0.5277684330940247,-1.3465888500213623,2.5999999046325684,5.006419658660889,4.187599182128906,2714400
0.03640337288379669,-1.3452911376953125,0.0,-8.795546531677246,-10.1044340133667,2724800
0.009440052323043346,-1.3453260660171509,0.0,-4.8553900718688965,-6.1912760734558105,2736000
0.008728096261620522,-1.344935417175293,0.0,-4.364277362823486,-5.700484752655029,2746400
0.581331193447113,-1.3455475568771362,0.0,0.14755170047283173,-0.6166646480560303,2756800
0.686936616897583,-1.3441283702850342,0.5,3.4532155990600586,2.7960236072540283,2766400
0.030159568414092064,-1.3446403741836548,0.0,-8.202880859375,-9.517361640930176,2776800
0.01176189724355936,-1.345071792602539,0.0,-4.902334690093994,-6.235644817352295,2787200
1.1544339656829834,-1.34575355052948,4.400000095367432,17.07916259765625,16.88784408569336,2797600
1.221576452255249,-1.345665454864502,5.75,17.010257720947266,16.88616943359375,2808800
0.45276832580566406,-1.345716953277588,6.0,1.937881588935852,1.0449328422546387,2819200
0.019690116867423058,-1.3452708721160889,0.0,-6.255379676818848,-7.580960273742676,2829600
0.0021538776345551014,-1.3454264402389526,0.0,-2.306896209716797,-3.6501688957214355,2840800
0.7354860901832581,-1.3466203212738037,3.6666667461395264,9.560113906860352,8.948979377746582,2851200
0.04398806765675545,-1.3472692966461182,0.0,-9.478837013244629,-10.78211784362793,2861600
0.005291231442242861,-1.3469014167785645,0.0,-3.6748809814453125,-5.016490936279297,2872000
0.017279544845223427,-1.346981167793274,0.0,-6.16079568862915,-7.49049711227417,2884000
0.8974274396896362,-1.3473771810531616,4.0,15.756386756896973,15.306437492370605,2894400
0.0024957533460110426,-1.3481475114822388,0.0,-2.3144874572753906,-3.6601390838623047,2904000
0.023978954181075096,-1.3481532335281372,0.0,-6.801867485046387,-8.126041412353516,2914400
0.6628735065460205,-1.3488224744796753,3.6666667461395264,7.4158453941345215,6.729896545410156,2925600
0.4571545422077179,-1.3495186567306519,3.6666667461395264,3.749253273010254,2.856889247894287,2936000
0.8025051355361938,-1.3499271869659424,6.0,10.936138153076172,10.388716697692871,2946400
0.0059917694889009,-1.3494508266448975,0.5,-3.5906219482421875,-4.934081077575684,2956800
0.003814640687778592,-1.3491125106811523,0.0,-3.06772780418396,-4.413025856018066,2968000
0.005479329731315374,-1.3487980365753174,0.0,-3.65639591217041,-4.9997148513793945,2977600
0.002475487533956766,-1.3487528562545776,0.0,-2.2610926628112793,-3.607369899749756,2989600
0.6550830602645874,-1.3495960235595703,0.0,7.902622222900391,7.208108901977539,3000000
0.00881060678511858,-1.348890781402588,0.3333333432674408,-4.214096546173096,-5.5541768074035645,3010400
0.5125142931938171,-1.349113941192627,3.6666667461395264,0.3812406361103058,-0.45535898208618164,3020800
0.8168269395828247,-1.3490357398986816,0.0,11.351874351501465,10.819665908813477,3031200
0.006647087167948484,-1.3484069108963013,0.0,-4.0754218101501465,-5.417181491851807,3041600
0.789964497089386,-1.34874427318573,0.0,7.2167863845825195,6.65800666809082,3052000
0.9010717868804932,-1.348443627357483,1.0,12.257162094116211,11.809789657592773,3063200
0.0014847357524558902,-1.3488322496414185,0.0,-1.8070927858352661,-3.154440402984619,3072800
0.9409818053245544,-1.3489530086517334,4.0,13.613361358642578,13.205389976501465,3083200
0.0023004275280982256,-1.34909987449646,0.0,-2.2513558864593506,-3.5981552600860596,3094400
0.005809492897242308,-1.3491599559783936,0.0,-3.6656246185302734,-5.008975028991699,3104800
0.007616241928189993,-1.3488795757293701,0.0,-4.067979335784912,-5.409242630004883,3115200
0.22063332796096802,-1.3491257429122925,0.0,-3.630769968032837,-4.759262561798096,3125600
0.02116577699780464,-1.3491389751434326,0.5,-6.811952114105225,-8.139925003051758,3136000
0.01475380640476942,-1.3488465547561646,0.0,-5.730178356170654,-7.064270973205566,3146400
0.0027679544873535633,-1.3489898443222046,0.0,-2.429312229156494,-3.775534152984619,3156800
0.005179794505238533,-1.3485660552978516,0.0,-3.4184727668762207,-4.761858940124512,3168000
0.7315078973770142,-1.3484963178634644,0.0,0.9221706390380859,0.30518221855163574,3178400
0.009846975095570087,-1.3479496240615845,1.0,-4.657442092895508,-5.99554443359375,3188800
0.005733822006732225,-1.3476600646972656,0.0,-3.446798324584961,-4.788724899291992,3199200
0.6989767551422119,-1.3475654125213623,1.0,6.853349685668945,6.204760551452637,3209600
0.016709281131625175,-1.3478790521621704,0.0,-5.973831653594971,-7.305001258850098,3220000
0.0035737035796046257,-1.3485190868377686,0.0,-2.855329751968384,-4.200275421142578,3230400
0.008152441121637821,-1.3486417531967163,0.0,-4.252447128295898,-5.5929365158081055,3241600
0.0042469315230846405,-1.3480863571166992,0.0,-3.243706464767456,-4.587545871734619,3252000
1.064711332321167,-1.347655177116394,0.6666666865348816,8.042789459228516,7.759845733642578,3262400
0.5800355076789856,-1.3470202684402466,0.0,5.5179123878479,4.750927925109863,3272800
0.009404412470757961,-1.3475528955459595,0.3333333432674408,-4.466037750244141,-5.8041863441467285,3283200
0.6482480764389038,-1.3462159633636475,3.0,2.984039783477783,2.286072015762329,3293600
0.034184958785772324,-1.346331000328064,5.5,-3.0950894355773926,-4.407235622406006,3304800
0.005371334496885538,-1.3468127250671387,0.0,-3.6210391521453857,-4.962480545043945,3315200
0.5294443368911743,-1.347031831741333,0.0,2.002800703048706,1.185213327407837,3325600
0.02127266116440296,-1.3473832607269287,0.5,-6.624090671539307,-7.950201034545898,3336000
0.015912121161818504,-1.3471283912658691,0.3333333432674408,-5.641845703125,-6.973062038421631,3346400
0.00038354043499566615,-1.3475971221923828,0.0,-0.8974869847297668,-2.2447004318237305,3358400
0.011682160198688507,-1.3477039337158203,0.0,-5.051456451416016,-6.387478351593018,3368000
0.028655709698796272,-1.3473042249679565,0.0,-7.909753322601318,-9.228402137756348,3379200
0.5038927793502808,-1.3477015495300293,2.200000047683716,3.338043689727783,2.494235038757324,3389600
0.007193859666585922,-1.3476264476776123,0.0,-3.9141685962677,-5.25460147857666,3400000
0.8700670599937439,-1.3472586870193481,0.0,13.560015678405762,13.082823753356934,3409600
0.02772177942097187,-1.3465769290924072,0.0,-8.320399284362793,-9.639254570007324,3419200
0.01591317169368267,-1.34726083278656,0.0,-6.242186069488525,-7.57353401184082,3430400
0.005530758295208216,-1.3471482992172241,0.0,-3.4075872898101807,-4.749204635620117,3440000
0.8214390277862549,-1.3476802110671997,3.6666667461395264,11.311674118041992,10.785432815551758,3451200
0.4398294985294342,-1.3485257625579834,1.0,0.7843182682991028,-0.12437796592712402,3462400
0.3399507403373718,-1.3474225997924805,0.3333333432674408,-2.5785763263702393,-3.586048126220703,3472800
0.571506142616272,-1.3464264869689941,0.5,3.1709017753601074,2.3959813117980957,3483200
1.9212307929992676,-1.3463164567947388,8.25,31.21294593811035,31.787860870361328,3494400
2.1984424591064453,-1.345777153968811,1.0,12.23214340209961,13.084808349609375,3505600
0.01451896969228983,-1.345800757408142,0.0,-5.656355381011963,-6.987637519836426,3516000
0.7887181639671326,-1.346550464630127,1.0,6.14163064956665,5.583798408508301,3527200
0.009688821621239185,-1.3468259572982788,0.0,-4.558296203613281,-5.89543342590332,3537600
0.07966973632574081,-1.3471583127975464,0.3333333432674408,-13.309247970581055,-14.576736450195312,3548000
1.2345927953720093,-1.347227931022644,4.400000095367432,12.875919342041016,12.763283729553223,3558400
0.8335685729980469,-1.3469706773757935,0.0,8.521096229553223,8.007694244384766,3568800
0.008928194642066956,-1.3472023010253906,0.0,-4.425843715667725,-5.76411771774292,3580000
0.6764989495277405,-1.347108244895935,4.0,7.160665512084961,6.490056037902832,3589600
0.045604247599840164,-1.3473594188690186,0.0,-9.759625434875488,-11.061380386352539,3600800
0.3573582172393799,-1.3462793827056885,0.3333333432674408,-1.6675034761428833,-2.6564245223999023,3611200
0.7485712170600891,-1.3451969623565674,0.5,6.581629753112793,5.985004425048828,3620800
1.1717135906219482,-1.3457965850830078,1.0,14.01220417022705,13.83812141418457,3631200
0.005700736306607723,-1.3441181182861328,0.0,-3.5263442993164062,-4.8647613525390625,3642400
0.008262813091278076,-1.3445971012115479,0.0,-4.498958110809326,-5.835292816162109,3652800
0.05263733118772507,-1.344703197479248,0.20000000298023224,-10.317078590393066,-11.60914421081543,3663200
0.0031367989722639322,-1.3458313941955566,0.0,-2.742753267288208,-4.085447788238525,3674400
0.0008968242909759283,-1.3460121154785156,0.0,-1.3577321767807007,-2.702847480773926,3684800
1.1130380630493164,-1.3460270166397095,7.333333492279053,14.929927825927734,14.696937561035156,3695200
0.02488497644662857,-1.346243143081665,0.0,-7.141951084136963,-8.463309288024902,3705600
0.014879685826599598,-1.346766471862793,0.0,-5.529354572296143,-6.861241340637207,3716000
0.7486291527748108,-1.3468940258026123,2.75,9.781499862670898,9.183235168457031,3726400
0.03122258558869362,-1.3470476865768433,3.0,-0.9522379636764526,-2.2680630683898926,3737600
0.01847277767956257,-1.347664713859558,0.0,-6.258656024932861,-7.58784818649292,3748000
0.8893588781356812,-1.3477528095245361,0.0,12.461346626281738,12.002952575683594,3757600
1.0488547086715698,-1.348387598991394,4.0,11.681437492370605,11.381904602050781,3768800
0.023424960672855377,-1.3482812643051147,0.0,-7.301733493804932,-8.62658977508545,3779200
0.012045182287693024,-1.3480284214019775,0.0,-5.20851993560791,-6.544503211975098,3788800
1.0005799531936646,-1.3479472398757935,0.0,13.30515193939209,12.957784652709961,3800000
0.7680977582931519,-1.3487635850906372,11.0,11.563407897949219,10.982742309570312,3810400
0.008310242556035519,-1.3481700420379639,0.0,-4.2939653396606445,-5.633825302124023,3820800
0.024503068998456,-1.3483259677886963,1.0,-7.334660053253174,-8.658482551574707,3831200
0.01970829628407955,-1.3488667011260986,0.0,-6.531054973602295,-7.860213279724121,3840800
0.9520056843757629,-1.348689079284668,0.3333333432674408,8.6843900680542,8.28770637512207,3851200
0.8111025094985962,-1.3479640483856201,0.5,8.824706077575684,8.28784465789795,3861600
0.7635188698768616,-1.3479905128479004,2.200000047683716,6.947912216186523,6.36344051361084,3872800
0.008131285198032856,-1.3482264280319214,0.0,-4.051617622375488,-5.391712665557861,3882400
0.022859588265419006,-1.3482997417449951,0.0,-6.991390228271484,-8.3168306350708,3893600
0.37360501289367676,-1.3477766513824463,2.200000047683716,-5.989605903625488,-6.963777542114258,3904000
0.8598286509513855,-1.348137378692627,0.0,10.458452224731445,9.970144271850586,3914400
0.06183524429798126,-1.3477166891098022,0.0,-11.314486503601074,-12.600367546081543,3924800
0.013220475055277348,-1.3484398126602173,0.5,-5.34348201751709,-6.678701400756836,3936000
0.041372817009687424,-1.3478509187698364,0.0,-9.42160415649414,-10.728081703186035,3945600
0.008738415315747261,-1.3477387428283691,0.0,-4.225672721862793,-5.564672946929932,3956000
0.023816024884581566,-1.3487352132797241,0.0,-7.181624412536621,-8.506543159484863,3966400
0.016005516052246094,-1.3484050035476685,0.5,-5.879431247711182,-7.2118306159973145,3976000
0.008235425688326359,-1.348407506942749,0.0,-4.2765703201293945,-5.616742134094238,3986400
0.724578320980072,-1.3468241691589355,3.6666667461395264,5.447436809539795,4.825191020965576,3997600
0.021708905696868896,-1.3468509912490845,0.0,-6.8929948806762695,-8.21813678741455,4008000
0.011833012104034424,-1.3472875356674194,0.5,-4.937730312347412,-6.273184776306152,4018400
0.9340487718582153,-1.3477050065994263,0.0,12.025362968444824,11.611706733703613,4028800
0.006610092706978321,-1.348127007484436,0.0,-3.736222743988037,-5.077739715576172,4039200
0.475271612405777,-1.3476786613464355,5.5,0.6343014240264893,-0.2381056547164917,4049600
0.03984776884317398,-1.348758339881897,0.0,-9.108859062194824,-10.417770385742188,4060000
0.005706614349037409,-1.3484787940979004,0.0,-3.7049381732940674,-5.047710418701172,4071200
0.0071928310208022594,-1.3491168022155762,0.0,-4.029662609100342,-5.371586799621582,4081600
0.02023141458630562,-1.348889708518982,0.0,-6.4985246658325195,-7.827183246612549,4091200
0.7976741790771484,-1.3491392135620117,0.0,7.373082637786865,6.82161808013916,4102400
0.051339440047740936,-1.3483467102050781,0.25,-10.255874633789062,-11.552882194519043,4112000
0.020271554589271545,-1.3482856750488281,1.3333333730697632,-6.783288955688477,-8.111303329467773,4123200
0.9303861856460571,-1.3479517698287964,0.5,3.9323883056640625,3.514822483062744,4132800
0.041419364511966705,-1.3478431701660156,11.0,-5.645923614501953,-6.952347278594971,4143200
0.005219269078224897,-1.3475773334503174,0.0,-3.4072835445404053,-4.749641418457031,4154400
0.012527435086667538,-1.3469178676605225,1.0,-5.209643840789795,-6.544034004211426,4164800
0.002196730114519596,-1.34638512134552,0.0,-2.2626707553863525,-3.6068592071533203,4175200
0.0007750031654722989,-1.347079873085022,0.0,-1.3649520874023438,-2.711256980895996,4185600
0.008692492730915546,-1.3470213413238525,0.0,-4.257541179656982,-5.595870018005371,4196000
0.0037348608020693064,-1.3473931550979614,1.0,-2.9495997428894043,-4.293258190155029,4206400
0.015839938074350357,-1.347693920135498,0.0,-5.964723110198975,-7.296576976776123,4216800
0.629228949546814,-1.3470072746276855,0.0,2.2385141849517822,1.520735740661621,4228000
0.014654072001576424,-1.347016453742981,0.5,-5.597564220428467,-6.92992639541626,4237600
0.008775870315730572,-1.3473728895187378,0.0,-4.626702308654785,-5.965299606323242,4247200
0.021779926493763924,-1.346566915512085,0.0,-6.912395477294922,-8.2371826171875,4257600
0.008073736913502216,-1.346807837486267,0.0,-4.142978191375732,-5.481712341308594,4267200
0.5033470988273621,-1.3463767766952515,0.0,3.2844879627227783,2.441458225250244,4277600
0.010577715002000332,-1.3465235233306885,0.0,-4.884951591491699,-6.220897674560547,4288000
0.20187056064605713,-1.3469569683074951,0.0,-0.47829410433769226,-1.6233805418014526,4298400
0.27843573689460754,-1.3465321063995361,5.5,-1.6724063158035278,-2.7405028343200684,4308800
0.006871512159705162,-1.3467882871627808,0.0,-3.938316583633423,-5.278233528137207,4320000
0.040045253932476044,-1.3464921712875366,0.0,-9.174032211303711,-10.48047924041748,4330400
0.030878154560923576,-1.3467698097229004,0.0,-8.132488250732422,-9.448379516601562,4340800
0.029622184112668037,-1.346672534942627,0.0,-8.044473648071289,-9.36152458190918,4350400
0.012262842617928982,-1.3470324277877808,0.0,-5.155412673950195,-6.490182399749756,4360800
0.45488879084587097,-1.3474314212799072,0.5,-0.4052940011024475,-1.2978366613388062,4371200
0.04888409376144409,-1.3467614650726318,0.3333333432674408,-10.1516752243042,-11.449552536010742,4382400
0.008604085072875023,-1.3467893600463867,0.0,-4.546899795532227,-5.885085105895996,4392800
0.0042474414221942425,-1.347242832183838,0.0,-3.044616460800171,-4.3876118659973145,4402400
0.013704727403819561,-1.3469746112823486,1.0,-5.444923400878906,-6.778193473815918,4412800
0.0042667267844080925,-1.3467926979064941,0.0,-3.199451208114624,-4.5419769287109375,4423200
0.038325075060129166,-1.3466013669967651,0.0,-9.11245346069336,-10.420729637145996,4432800
0.7748381495475769,-1.3468999862670898,11.0,11.181655883789062,10.609594345092773,4444000
0.003596911206841469,-1.3468072414398193,0.0,-2.9670727252960205,-4.3102827072143555,4453600
0.013611010275781155,-1.3467124700546265,0.0,-5.743395805358887,-7.076497554779053,4464000
1.1587907075881958,-1.3470313549041748,2.1666667461395264,8.345000267028809,8.156759262084961,4475200
0.03338523209095001,-1.347032904624939,0.0,-8.543675422668457,-9.857322692871094,4485600
0.7395586371421814,-1.3466309309005737,0.3333333432674408,5.912906646728516,5.3058342933654785,4496000
0.010318492539227009,-1.3466278314590454,0.0,-4.714560031890869,-6.050869464874268,4505600
0.01112578995525837,-1.3462461233139038,0.0,-4.847442626953125,-6.182563304901123,4515200
0.7905117273330688,-1.346343755722046,5.5,6.3709588050842285,5.815126419067383,4524800
1.1219840049743652,-1.345277190208435,0.5,9.221439361572266,8.998147010803223,4536000
1.1799886226654053,-1.3455531597137451,5.5,12.409393310546875,12.243828773498535,4546400
0.02805238962173462,-1.3448817729949951,0.0,-8.24447250366211,-9.561302185058594,4556800
0.2709176540374756,-1.344988226890564,0.0,-3.5483503341674805,-4.622420787811279,4566400
0.020916100591421127,-1.3449430465698242,0.0,-6.763193130493164,-8.087220191955566,4577600
0.388231098651886,-1.3452941179275513,0.0,-2.690810441970825,-3.6478734016418457,4587200
0.5268610715866089,-1.3447352647781372,5.5,2.8220694065093994,2.004195213317871,4597600
1.2968473434448242,-1.3451069593429565,1.8333333730697632,15.628883361816406,15.5806245803833,4608000
0.721474826335907,-1.3454351425170898,0.0,6.597886562347412,5.973926067352295,4619200
0.01104993186891079,-1.3460655212402344,0.0,-4.945631504058838,-6.280647277832031,4628800
1.5340405702590942,-1.3458775281906128,0.0,20.52233123779297,20.710494995117188,4640000
0.004769954830408096,-1.3467366695404053,0.0,-3.2497029304504395,-4.59166955947876,4650400
0.06168743222951889,-1.346814751625061,0.0,-11.40857219696045,-12.693699836730957,4660800
0.009385719895362854,-1.3473643064498901,0.0,-4.792041301727295,-6.1300201416015625,4671200
0.013018201105296612,-1.3467005491256714,0.0,-5.620213508605957,-6.9538960456848145,4680800
0.0034537503961473703,-1.346770167350769,0.0,-2.8700244426727295,-4.213340759277344,4692000
0.002555105835199356,-1.34695565700531,0.0,-2.3626317977905273,-3.7070322036743164,4702400
0.0001844673097366467,-1.347217321395874,0.0,-0.6431218385696411,-1.99015474319458,4712000
0.016052816063165665,-1.3468513488769531,0.0,-6.242061614990234,-7.572860240936279,4721600
0.013035770505666733,-1.3469456434249878,0.0,-5.264542102813721,-6.598452091217041,4732800
0.008917925879359245,-1.34689462184906,0.0,-4.608782768249512,-5.9467597007751465,4743200
0.774189829826355,-1.3469537496566772,0.5,5.251187324523926,4.6784234046936035,4753600
0.017844531685113907,-1.3471729755401611,0.0,-6.342158794403076,-7.671486854553223,4764000
0.8367591500282288,-1.3469834327697754,2.4000000953674316,11.779325485229492,11.269102096557617,4775200
0.894672691822052,-1.347016453742981,0.0,8.599886894226074,8.147542953491211,4785600
0.8943641185760498,-1.3466330766677856,0.0,10.96987247467041,10.517603874206543,4796000
0.010329924523830414,-1.345655083656311,0.25,-4.576798439025879,-5.912123680114746,4806400
0.0035615479573607445,-1.3457401990890503,0.0,-2.906745672225952,-4.248924255371094,4816800
0.004542679060250521,-1.3461053371429443,0.0,-3.1200199127197266,-4.461582660675049,4827200
0.8287575840950012,-1.3462940454483032,3.6666667461395264,8.993968963623047,8.476431846618652,4838400
0.0060622128657996655,-1.346214771270752,0.0,-3.555152177810669,-4.8953046798706055,4848000
0.013122187927365303,-1.345309853553772,0.0,-5.558023452758789,-6.89021110534668,4859200
0.7117495536804199,-1.344878077507019,11.0,8.120807647705078,7.487679481506348,4869600
0.8618907928466797,-1.3450782299041748,11.0,10.982023239135742,10.498835563659668,4879200
0.011987618170678616,-1.345702052116394,0.0,-5.043505668640137,-6.377220153808594,4889600
0.014009756967425346,-1.3456475734710693,0.0,-5.3101935386657715,-6.641831398010254,4900800
0.017858171835541725,-1.3459755182266235,0.0,-6.232929229736328,-7.561046600341797,4912000
0.00564908841624856,-1.3460450172424316,0.0,-3.391331434249878,-4.731727600097656,4921600
1.075385332107544,-1.3463603258132935,2.75,14.622714042663574,14.351738929748535,4932000
0.030292276293039322,-1.3470940589904785,0.25,-7.779947280883789,-9.096748352050781,4943200
0.2377719283103943,-1.3467621803283691,6.0,-3.2870962619781494,-4.396086692810059,4952800
0.006583814509212971,-1.3464912176132202,0.0,-3.774038314819336,-5.113945484161377,4963200
0.010778703726828098,-1.3462809324264526,0.0,-4.943910598754883,-6.279412746429443,4973600
0.0061898911371827126,-1.3462486267089844,0.0,-3.839944839477539,-5.180003643035889,4984000
0.015592824667692184,-1.3461799621582031,0.0,-5.627549648284912,-6.958136558532715,4994400
0.010054563172161579,-1.3466405868530273,0.0,-4.632568359375,-5.969154357910156,5005600
0.6400225162506104,-1.3466688394546509,4.0,5.413890838623047,4.707244396209717,5015200
0.0099420677870512,-1.3468824625015259,0.0,-4.653207778930664,-5.990148067474365,5025600
0.9223309755325317,-1.3468023538589478,4.0,11.794156074523926,11.369684219360352,5036800
0.3442166745662689,-1.3471653461456299,11.0,-1.889952540397644,-2.8929011821746826,5046400
0.011525444686412811,-1.3476293087005615,0.0,-4.964085578918457,-6.300189018249512,5057600
0.02695188671350479,-1.3471949100494385,0.0,-7.5449323654174805,-8.865175247192383,5068000
0.010979005135595798,-1.3472758531570435,0.0,-4.7499895095825195,-6.0862860679626465,5078400
0.8720623254776001,-1.347193717956543,2.200000047683716,9.839632034301758,9.364500999450684,5088800
0.014995927922427654,-1.3475825786590576,0.0,-5.681258678436279,-7.013845443725586,5099200
4.155417442321777,-1.3481581211090088,0.0,23.0285701751709,25.83582878112793,5110400
0.010622013360261917,-1.3485313653945923,1.0,-4.90421724319458,-6.24212646484375,5120000
0.002730012172833085,-1.3483222723007202,1.0,-2.444850444793701,-3.79044246673584,5131200
0.014797703363001347,-1.3477387428283691,0.0,-5.724985599517822,-7.057926654815674,5140800
0.007375816814601421,-1.34806227684021,1.0,-4.086648464202881,-5.427334785461426,5151200
0.0014814736787229776,-1.348159909248352,0.0,-1.87208092212677,-3.218759298324585,5161600
0.2663634121417999,-1.3476117849349976,0.0,-0.1660452038049698,-1.2472935914993286,5172000
0.20626190304756165,-1.3480722904205322,5.5,-2.935455799102783,-4.077266216278076,5183200
1.4378305673599243,-1.3482543230056763,5.75,17.83165168762207,17.921226501464844,5192800
0.026959674432873726,-1.3476219177246094,0.0,-8.080764770507812,-9.401427268981934,5203200
0.013892978429794312,-1.3474552631378174,0.0,-5.760514736175537,-7.094077110290527,5213600
0.00822747778147459,-1.3481080532073975,0.0,-4.343906402587891,-5.6837873458862305,5223200
0.4847441017627716,-1.3480572700500488,0.0,2.2986629009246826,1.435349702835083,5234400
0.6359423398971558,-1.3484199047088623,2.75,5.215115547180176,4.50263786315918,5244800
0.029818614944815636,-1.3483946323394775,0.0,-7.726448059082031,-9.045023918151855,5256000
1.64969003200531,-1.348628044128418,0.0,21.91275405883789,22.213817596435547,5265600
0.005079592112451792,-1.3484253883361816,0.0,-3.277392625808716,-4.620738506317139,5276800
0.7947065234184265,-1.3483467102050781,1.0,9.003056526184082,8.449416160583496,5287200
0.01642473228275776,-1.3485382795333862,0.0,-5.979864597320557,-7.311978340148926,5297600
0.010390199720859528,-1.3482224941253662,0.0,-4.759765625,-6.097598075866699,5308000
0.012396076694130898,-1.3476605415344238,0.0,-5.4330596923828125,-6.768324375152588,5318400
0.004428109619766474,-1.3478132486343384,0.0,-3.2555036544799805,-4.598888874053955,5328800
0.005468607414513826,-1.3480616807937622,0.0,-3.397270441055298,-4.739863395690918,5338400
0.02544010430574417,-1.3485286235809326,0.3333333432674408,-7.351428031921387,-8.674516677856445,5349600
0.04174044728279114,-1.3489011526107788,0.5,-4.79189920425415,-6.09906005859375,5360000
0.01029337476938963,-1.349043369293213,0.0,-4.6746745109558105,-6.013424396514893,5370400
0.0027071316726505756,-1.349482536315918,0.0,-2.369614362716675,-3.7163896560668945,5381600
0.021052280440926552,-1.3496562242507935,0.0,-6.680118560791016,-8.008722305297852,5392800
0.01430848054587841,-1.3497974872589111,0.0,-5.589017391204834,-6.924506187438965,5402400
0.6981621384620667,-1.3495776653289795,2.75,5.720495223999023,5.069079399108887,5412800
0.4627189338207245,-1.3488520383834839,5.5,1.1821421384811401,0.2960090637207031,5424000
0.6838675737380981,-1.349090576171875,0.0,5.284083843231201,4.618860721588135,5434400
0.8784787654876709,-1.3487255573272705,0.5,8.373968124389648,7.903721809387207,5445600
0.01816437393426895,-1.3488600254058838,0.0,-6.655186653137207,-7.985882759094238,5455200
0.013143667951226234,-1.3482110500335693,0.0,-5.335698127746582,-6.6707658767700195,5466400
0.008515805937349796,-1.3482033014297485,0.0,-4.531962871551514,-5.871650218963623,5477600
0.020185591652989388,-1.3486014604568481,0.0,-6.563683032989502,-7.892098903656006,5487200
1.0099067687988281,-1.348834753036499,0.0,9.692644119262695,9.353715896606445,5497600
0.8835891485214233,-1.3490403890609741,0.25,5.751135349273682,5.285684108734131,5508000
0.8311583995819092,-1.3492366075515747,1.0,7.138036727905273,6.619958877563477,5518400
0.03782016411423683,-1.349683165550232,0.0,-8.813843727111816,-10.125706672668457,5528800
1.0406097173690796,-1.3497493267059326,0.0,11.476263046264648,11.167122840881348,5540000
0.0103378277271986,-1.3495270013809204,0.0,-4.641357898712158,-5.980546951293945,5550400
0.01461983285844326,-1.349555492401123,0.0,-5.478391170501709,-6.813326835632324,5561600
0.6392311453819275,-1.3492493629455566,3.6666667461395264,2.822049617767334,2.1120314598083496,5572000
0.6978426575660706,-1.3489863872528076,3.6666667461395264,5.3745622634887695,4.723418235778809,5582400
0.00873193796724081,-1.3490492105484009,0.0,-4.523067951202393,-5.863385200500488,5592000
1.9759442806243896,-1.3492323160171509,11.0,27.818082809448242,28.444795608520508,5602400
0.6623901128768921,-1.3490803241729736,0.3333333432674408,4.38575553894043,3.6990654468536377,5613600
0.01623394340276718,-1.349487066268921,0.0,-5.839802265167236,-7.173055648803711,5623200
1.6010432243347168,-1.3497902154922485,3.0,17.913066864013672,18.16431999206543,5633600
0.9962074756622314,-1.3497880697250366,0.0,11.586934089660645,11.233353614807129,5644800
0.03448228910565376,-1.3504621982574463,0.0,-8.489877700805664,-9.80585765838623,5655200
0.3218853771686554,-1.350544810295105,0.0,-1.934464454650879,-2.9631237983703613,5665600
0.015682851895689964,-1.3506919145584106,0.5,-5.6846723556518555,-7.019681453704834,5676000
0.006567804142832756,-1.3508856296539307,0.0,-3.8161427974700928,-5.160460472106934,5686400
0.00593459652736783,-1.3511607646942139,0.0,-3.791503667831421,-5.136729717254639,5696800
0.006339882500469685,-1.351149082183838,0.0,-3.9122045040130615,-5.25701379776001,5707200
0.008766669780015945,-1.3509172201156616,0.3333333432674408,-4.381913185119629,-5.724063873291016,5717600
1.653421401977539,-1.3508943319320679,5.5,23.537567138671875,23.8400936126709,5728800
0.025921646505594254,-1.3507376909255981,0.5,-7.327780723571777,-8.652596473693848,5738400
0.6238270998001099,-1.350714087486267,0.0,2.801137685775757,2.0742506980895996,5749600
0.012768402695655823,-1.3504747152328491,0.0,-5.5339813232421875,-6.871687889099121,5760000
0.32596370577812195,-1.3507777452468872,11.0,0.23655949532985687,-0.7882545590400696,5770400
4.870790481567383,-1.350860357284546,6.0,47.307395935058594,50.82732391357422,5780800
0.01528770662844181,-1.3508552312850952,0.0,-6.070346355438232,-7.405913829803467,5792000
0.017892781645059586,-1.3507816791534424,0.0,-6.50568962097168,-7.838578224182129,5801600
0.023194586858153343,-1.3507757186889648,0.0,-6.944012641906738,-8.27159309387207,5812000
0.200910285115242,-1.3504403829574585,5.5,-4.027533054351807,-5.17706298828125,5823200
0.5621972680091858,-1.3505363464355469,1.0,2.840635299682617,2.0522961616516113,5833600
1.1115071773529053,-1.350545048713684,0.0,11.462930679321289,11.223893165588379,5844800
0.015053900890052319,-1.3507376909255981,0.0,-5.802552700042725,-7.1382365226745605,5855200
0.8104521036148071,-1.3507627248764038,3.25,8.210864067077637,7.670553684234619,5865600
0.011913600377738476,-1.3506989479064941,0.0,-5.130297660827637,-6.469082832336426,5876000
0.7656912207603455,-1.3509769439697266,0.25,3.622018337249756,3.0367326736450195,5886400
0.6602635979652405,-1.3507887125015259,4.0,2.761640787124634,2.071115493774414,5897600
0.8253257274627686,-1.350994348526001,0.5,7.7662858963012695,7.240617752075195,5908000
0.01747913658618927,-1.3507343530654907,0.0,-6.098645210266113,-7.431900501251221,5918400
0.8163012862205505,-1.3507298231124878,11.0,8.703125,8.168696403503418,5928800
0.00688609154894948,-1.3509424924850464,0.0,-4.0665435791015625,-5.410600185394287,5939200
0.017459478229284286,-1.350900650024414,0.0,-6.161444664001465,-7.4948859214782715,5949600
0.010739223100244999,-1.3510619401931763,0.0,-4.777444362640381,-6.117766857147217,5960000
0.007136927451938391,-1.3509284257888794,1.0,-3.941592216491699,-5.285383701324463,5969600
0.007425383664667606,-1.3510377407073975,0.0,-4.227624416351318,-5.571236610412598,5979200
1.0371090173721313,-1.3509907722473145,2.200000047683716,12.317264556884766,12.00338363647461,5989600
0.020880602300167084,-1.3508747816085815,0.0,-6.541553020477295,-7.871547222137451,6000800
0.012868738733232021,-1.3510551452636719,0.0,-5.570793628692627,-6.908979892730713,6012000
0.2444135993719101,-1.350506067276001,3.6666667461395264,-6.102116107940674,-7.208209037780762,6022400
0.046272143721580505,-1.3502992391586304,0.0,-9.79638385772705,-11.100410461425781,6032800
0.0200065765529871,-1.3505158424377441,0.0,-6.691012382507324,-8.02152156829834,6043200
0.013750928454101086,-1.3507952690124512,0.0,-5.477016925811768,-6.814061164855957,6054400
0.9470061659812927,-1.350837230682373,2.75,10.593839645385742,10.190008163452148,6064800
0.9209125638008118,-1.3507804870605469,0.0,9.670415878295898,9.240548133850098,6075200
0.010948334820568562,-1.3511717319488525,1.0,-5.045879364013672,-6.386102676391602,6084800
0.007085403427481651,-1.3511027097702026,0.25,-3.7965731620788574,-5.140590667724609,6096000
0.009211487136781216,-1.3510303497314453,0.0,-4.355438709259033,-5.6972575187683105,6105600
0.010889817029237747,-1.3511537313461304,2.0,-5.0014448165893555,-6.341708660125732,6116000
0.6062299013137817,-1.3510448932647705,5.5,4.834929943084717,4.090114593505859,6127200
0.004868909250944853,-1.3510133028030396,0.0,-3.2223684787750244,-4.568512916564941,6137600
0.0059281205758452415,-1.3513059616088867,0.0,-3.7748477458953857,-5.12022590637207,6147200
0.37542474269866943,-1.351226568222046,0.0,0.7706847190856934,-0.2051171064376831,6157600
3.565088987350464,-1.351277232170105,4.333333492279053,27.97443962097168,30.188251495361328,6168800
0.012075808830559254,-1.351088285446167,0.0,-5.173058032989502,-6.512070655822754,6179200
0.2915823757648468,-1.3511120080947876,0.6666666865348816,-2.4983255863189697,-3.5578551292419434,6189600
0.011575713753700256,-1.3509684801101685,0.3333333432674408,-4.951626777648926,-6.291019439697266,6200000
0.008905640803277493,-1.3509782552719116,0.0,-4.41200065612793,-5.754073619842529,6209600
0.9426087141036987,-1.3508824110031128,0.0,9.131267547607422,8.722993850708008,6220800
0.013624553568661213,-1.3508896827697754,0.5,-5.336672782897949,-6.673937797546387,6230400
0.022384466603398323,-1.3506584167480469,0.0,-7.106679916381836,-8.434953689575195,6241600
0.4568827152252197,-1.3506488800048828,0.0,-0.9219454526901245,-1.8157116174697876,6252000
0.029127202928066254,-1.3507440090179443,0.5,-7.838531970977783,-9.160148620605469,6262400
0.10080867260694504,-1.35100257396698,5.5,-6.72121524810791,-7.971409320831299,6272800
0.8960304856300354,-1.3512141704559326,0.0,8.10754108428955,7.65235710144043,6284000
1.6838704347610474,-1.3513362407684326,2.200000047683716,18.479230880737305,18.811765670776367,6293600
1.2283252477645874,-1.3514354228973389,6.0,12.181937217712402,12.058826446533203,6304800
0.01672445423901081,-1.3509095907211304,1.0,-6.104887008666992,-7.439072132110596,6315200
0.009659552946686745,-1.3509407043457031,0.0,-4.83407735824585,-6.175358295440674,6324800
0.7057844400405884,-1.3507684469223022,0.0,3.7385289669036865,3.0935449600219727,6334400
0.016698408871889114,-1.350875973701477,1.0,-5.993645668029785,-7.327823162078857,6345600
0.00705872755497694,-1.3510552644729614,0.5,-3.8763644695281982,-5.220361232757568,6356000
1.1580843925476074,-1.351177453994751,0.0,16.861764907836914,16.668672561645508,6365600
0.008597862906754017,-1.3507212400436401,0.0,-4.3811726570129395,-5.723296165466309,6376800
1.0113725662231445,-1.3507871627807617,0.0,12.677672386169434,12.338257789611816,6386400
1.7490644454956055,-1.3506821393966675,3.25,23.60633659362793,24.004718780517578,6396800
1.0855141878128052,-1.3503483533859253,0.0,13.22227668762207,12.957442283630371,6407200
0.018095247447490692,-1.3504900932312012,0.0,-6.218037128448486,-7.550432205200195,6418400
0.016265438869595528,-1.3504151105880737,0.0,-5.865014553070068,-7.199164390563965,6428800
0.008510117419064045,-1.350341558456421,0.5,-4.189894676208496,-5.531725883483887,6439200
0.006132744252681732,-1.3501960039138794,0.0,-3.6832406520843506,-5.027303695678711,6449600
1.1053999662399292,-1.3502360582351685,0.0,12.999557495117188,12.754721641540527,6460000
0.013735010288655758,-1.3504234552383423,0.0,-5.659120559692383,-6.995809078216553,6470400
0.009319477714598179,-1.3500794172286987,0.0,-4.719551086425781,-6.060311317443848,6480800
0.721004068851471,-1.3500219583511353,0.3333333432674408,4.435647964477539,3.8066301345825195,6491200
1.723238229751587,-1.3498984575271606,3.6666667461395264,19.12286376953125,19.49620246887207,6502400
0.839001476764679,-1.3497041463851929,0.0,6.118896007537842,5.608193397521973,6512000
0.025071244686841965,-1.3491047620773315,0.0,-7.161592960357666,-8.485626220703125,6522400
2.1005327701568604,-1.348555326461792,1.0,14.809406280517578,15.561383247375488,6533600
0.009542644955217838,-1.3487824201583862,0.0,-4.796631813049316,-6.135871887207031,6543200
0.015950433909893036,-1.3489092588424683,0.0,-5.918790340423584,-7.251749515533447,6553600
0.010451956652104855,-1.3489975929260254,0.0,-4.740984916687012,-6.079530715942383,6564000
0.007558848243206739,-1.3488224744796753,0.0,-4.233794689178467,-5.575058460235596,6574400
0.019355664029717445,-1.3482519388198853,0.0,-6.3663129806518555,-7.69520902633667,6584000
0.5669901371002197,-1.3485534191131592,11.0,3.383700370788574,2.6021370887756348,6593600
0.015097633004188538,-1.3486998081207275,0.0,-5.68330717086792,-7.016909599304199,6604000
0.014597102999687195,-1.3485931158065796,1.0,-5.607983112335205,-6.94197940826416,6614400
0.803942084312439,-1.348921298980713,2.75,7.417110919952393,6.872131824493408,6624800
0.01840086467564106,-1.348809838294983,0.0,-6.201582908630371,-7.531991958618164,6635200
0.025347379967570305,-1.3489594459533691,0.0,-7.415024280548096,-8.738636016845703,6645600
0.015090658329427242,-1.349319577217102,0.0,-5.865871906280518,-7.200100898742676,6656000
0.153219074010849,-1.3494477272033691,5.5,-5.660686492919922,-6.85691499710083,6665600
0.008107117377221584,-1.349385142326355,0.0,-4.399538516998291,-5.740816593170166,6676800
0.7822701930999756,-1.349327802658081,5.5,7.733687400817871,7.166629791259766,6687200
0.007136752363294363,-1.3495384454727173,0.0,-4.084049224853516,-5.426450729370117,6697600
0.006042424589395523,-1.349516749382019,0.0,-3.555137872695923,-4.898612022399902,6708000
0.005639844108372927,-1.3495991230010986,0.0,-3.5322582721710205,-4.876217842102051,6718400
1.1276726722717285,-1.3496531248092651,5.5,10.322704315185547,10.100723266601562,6728800
0.007116463501006365,-1.349636197090149,0.0,-4.148492813110352,-5.4910125732421875,6739200
0.00968345906585455,-1.3495714664459229,0.5,-4.548858165740967,-5.88874626159668,6749600
0.6429607272148132,-1.3495529890060425,0.0,4.119945049285889,3.4133524894714355,6760800
0.015083146281540394,-1.3495887517929077,0.0,-5.709689617156982,-7.044195175170898,6770400
1.0302387475967407,-1.349483609199524,5.5,13.04641342163086,12.727169036865234,6780800
0.01970195211470127,-1.3494541645050049,0.0,-6.567895412445068,-7.897647857666016,6790400
0.02012849785387516,-1.3496891260147095,0.0,-6.606104373931885,-7.935664653778076,6800800
0.008732939139008522,-1.349639654159546,0.0,-4.584470272064209,-5.925376892089844,6812000
1.919889211654663,-1.3493382930755615,0.0,25.0820255279541,25.652576446533203,6822400
0.02314414456486702,-1.3491867780685425,0.3333333432674408,-7.011061191558838,-8.337103843688965,6832800
0.8950902223587036,-1.3490666151046753,0.0,7.774837970733643,7.32086181640625,6843200
0.011970718391239643,-1.3491028547286987,0.0,-5.357519149780273,-6.6946516036987305,6853600
0.5620124340057373,-1.3495092391967773,5.5,1.7921305894851685,1.004633903503418,6864000
0.016302023082971573,-1.3494542837142944,0.20000000298023224,-5.852846145629883,-7.185998439788818,6873600
0.9098848104476929,-1.3490437269210815,3.6666667461395264,9.259775161743164,8.820615768432617,6884800
0.7747123837471008,-1.3491706848144531,4.0,4.423233985900879,3.848775863647461,6896000
0.043353840708732605,-1.348872184753418,0.0,-9.514140129089355,-10.819658279418945,6905600
0.7672058939933777,-1.3490028381347656,1.0,4.471473693847656,3.889676570892334,6916000
0.01560033205896616,-1.3487393856048584,0.5,-5.825965404510498,-7.159104347229004,6926400
1.9320173263549805,-1.348723292350769,11.0,27.52419090270996,28.107484817504883,6936800
0.012739492580294609,-1.3481096029281616,0.0,-5.564398765563965,-6.899768829345703,6947200
0.016961680725216866,-1.3478232622146606,0.0,-6.100101947784424,-7.430963516235352,6957600
0.012483779340982437,-1.347934365272522,0.0,-5.1797637939453125,-6.515214443206787,6968800
0.01451406441628933,-1.3477747440338135,0.0,-5.693079948425293,-7.026340484619141,6978400
0.015464743599295616,-1.3480242490768433,0.0,-5.707237720489502,-7.039797306060791,6988800
0.00930748786777258,-1.3478502035140991,0.0,-4.533897876739502,-5.872440814971924,6999200
0.7780369520187378,-1.347528100013733,0.0,3.6775283813476562,3.1080374717712402,7009600
0.8680806159973145,-1.3475630283355713,5.5,5.949666976928711,5.470184326171875,7020800
0.36695727705955505,-1.347519040107727,0.0,-2.930783987045288,-3.911345958709717,7030400
1.0388075113296509,-1.3475000858306885,0.0,10.608281135559082,10.299589157104492,7040800
0.007226435001939535,-1.3477308750152588,0.0,-3.934256076812744,-5.2747602462768555,7051200
0.003265238367021084,-1.347561001777649,0.0,-2.787956476211548,-4.132252216339111,7062400
1.1444096565246582,-1.3479390144348145,0.0,16.152240753173828,15.948711395263672,7072800
0.26664653420448303,-1.3478444814682007,3.6666667461395264,-0.7196422815322876,-1.8008402585983276,7083200
0.008562497794628143,-1.3480769395828247,0.0,-4.46096658706665,-5.800480842590332,7093600
0.007118455599993467,-1.348005771636963,0.0,-3.919365167617798,-5.260252475738525,7103200
0.005505562759935856,-1.3482416868209839,0.5,-3.4437170028686523,-4.7864532470703125,7114400
0.09466766566038132,-1.3487610816955566,3.6666667461395264,-4.903857707977295,-6.157951354980469,7124800
0.024278981611132622,-1.348650336265564,0.0,-7.06535530090332,-8.389726638793945,7134400
0.971263587474823,-1.3486851453781128,5.5,11.11480712890625,10.737385749816895,7144800
0.2744537591934204,-1.3483854532241821,4.0,-4.830709934234619,-5.904641628265381,7154400
0.008120078593492508,-1.3483948707580566,0.0,-4.404316425323486,-5.744591236114502,7165600
0.016985725611448288,-1.3485761880874634,0.0,-5.888155937194824,-7.219746112823486,7175200
0.012939682230353355,-1.348642349243164,0.0,-5.245368003845215,-6.581070899963379,7185600
0.8866736888885498,-1.34865403175354,0.4000000059604645,8.017670631408691,7.555690765380859,7196800
0.021595338359475136,-1.3485515117645264,0.0,-6.803436279296875,-8.130392074584961,7206400
1.156964659690857,-1.3486722707748413,0.0,15.376269340515137,15.184561729431152,7216800
1.3571432828903198,-1.3487352132797241,12.0,16.677661895751953,16.68606948852539,7227200
0.45232781767845154,-1.3485387563705444,5.5,0.9135079979896545,0.017297029495239258,7236800
1.3773436546325684,-1.3482147455215454,12.0,12.948955535888672,12.978084564208984,7247200
0.03475983068346977,-1.3476719856262207,0.0,-8.52273941040039,-9.835651397705078,7257600
0.017264606431126595,-1.3475492000579834,0.0,-6.00884485244751,-7.339129447937012,7268000
0.010225893929600716,-1.3476420640945435,0.0,-4.93791389465332,-6.275330066680908,7278400
0.010312537662684917,-1.347720742225647,0.0,-4.946775436401367,-6.284183502197266,7288800
0.0062225754372775555,-1.3479059934616089,0.0,-3.7459566593170166,-5.087640285491943,7299200
3.478865385055542,-1.3477147817611694,1.0,26.049816131591797,28.180965423583984,7309600
1.256449580192566,-1.348105549812317,3.142857074737549,11.571767807006836,11.480112075805664,7320000
0.03631684184074402,-1.348369836807251,0.0,-8.708834648132324,-10.02088737487793,7330400
0.5210897326469421,-1.348357915878296,3.6666667461395264,-0.305052250623703,-1.1323204040527344,7340800
1.2623672485351562,-1.3480565547943115,11.0,12.211167335510254,12.12547779083252,7352000
0.7451797127723694,-1.3480981588363647,6.0,4.048802852630615,3.4458842277526855,7361600
0.016973666846752167,-1.3480041027069092,0.0,-6.197304725646973,-7.5283355712890625,7372000
0.01473343838006258,-1.348206639289856,0.0,-5.57337760925293,-6.906850814819336,7382400
1.9708058834075928,-1.3483009338378906,4.666666507720947,26.06586456298828,26.688369750976562,7392000
0.9896790981292725,-1.3482081890106201,2.200000047683716,10.363161087036133,10.004631996154785,7402400
0.2911614179611206,-1.3484110832214355,0.0,-4.274045944213867,-5.331295490264893,7412800
0.009176504798233509,-1.3485984802246094,0.0,-4.694566249847412,-6.033987998962402,7423200
0.482403427362442,-1.3485667705535889,0.5,1.491887092590332,0.6257237195968628,7433600
0.019337141886353493,-1.3482997417449951,0.5,-6.406106472015381,-7.735069274902344,7444000
0.863370954990387,-1.3482426404953003,3.6666667461395264,9.291860580444336,8.806988716125488,7454400
0.010142132639884949,-1.3483268022537231,0.0,-4.917473793029785,-6.255658149719238,7465600
0.022374756634235382,-1.348048210144043,0.0,-6.728577136993408,-8.054250717163086,7475200
0.9679053425788879,-1.3480546474456787,2.75,11.52737808227539,11.147228240966797,7485600
0.9412704706192017,-1.347895622253418,3.6666667461395264,11.043972969055176,10.637348175048828,7496000
0.9003310203552246,-1.3481318950653076,2.200000047683716,7.9841156005859375,7.536314964294434,7507200
1.7617112398147583,-1.3482872247695923,11.0,22.19023895263672,22.603662490844727,7516800
0.014236701652407646,-1.348065733909607,0.5,-5.497988224029541,-6.831817150115967,7527200
0.36837121844291687,-1.3482236862182617,5.5,-1.653723955154419,-2.6335763931274414,7537600
0.018602335825562477,-1.3480602502822876,0.0,-6.239187240600586,-7.568645000457764,7548000
0.4960085153579712,-1.3480216264724731,0.0,-1.8423447608947754,-2.6943578720092773,7559200
0.020070256665349007,-1.3480901718139648,0.20000000298023224,-6.334653854370117,-7.6626739501953125,7568800
0.010072155855596066,-1.3480260372161865,0.0,-4.72796106338501,-6.065915107727051,7579200
0.014853086322546005,-1.3479282855987549,0.0,-5.666036128997803,-6.999111175537109,7589600
0.008500752970576286,-1.348084568977356,0.0,-4.48105001449585,-5.820633888244629,7600000
0.006446191109716892,-1.3477973937988281,0.0,-3.922889471054077,-5.264240741729736,7610400
1.0308758020401,-1.3476130962371826,0.0,11.989165306091309,11.672428131103516,7620800
0.017064770683646202,-1.3476651906967163,0.0,-6.3639726638793945,-7.694573402404785,7630400
0.02574956603348255,-1.3473303318023682,0.5,-7.282745838165283,-8.604326248168945,7640800
0.02147332765161991,-1.3474230766296387,0.3333333432674408,-6.6419572830200195,-7.967906951904297,7651200
0.762209415435791,-1.3471843004226685,7.333333492279053,2.9824352264404297,2.397460460662842,7661600
0.01547043863683939,-1.346874475479126,0.0,-6.077602386474609,-7.409006118774414,7672000
0.030567171052098274,-1.3469867706298828,0.0,-7.959524154663086,-9.275943756103516,7682400
0.019932826980948448,-1.3470786809921265,0.0,-6.448718547821045,-7.775864601135254,7692000
0.007738806307315826,-1.3471955060958862,0.0,-4.028193473815918,-5.367650508880615,7702400
0.011337092146277428,-1.34665048122406,0.0,-4.984615325927734,-6.3199286460876465,7712800
1.177298903465271,-1.3467655181884766,0.0,11.982040405273438,11.812573432922363,7723200
0.7470700144767761,-1.3469783067703247,0.3333333432674408,6.6150712966918945,6.015162944793701,7733600
0.013170460239052773,-1.3469264507293701,0.0,-5.317375183105469,-6.651131629943848,7744000
0.9305655360221863,-1.3469951152801514,11.0,11.177239418029785,10.760809898376465,7753600
0.009101318195462227,-1.3475579023361206,0.0,-4.646492004394531,-5.984948635101318,7764800
0.6336299180984497,-1.3476768732070923,5.5,3.706320285797119,2.9922733306884766,7774400
0.012784992344677448,-1.3480383157730103,0.0,-5.346736907958984,-6.681990146636963,7784800
1.3894336223602295,-1.3482916355133057,0.5,16.207611083984375,16.24875259399414,7796000
0.02002997137606144,-1.3483320474624634,0.5,-6.460226058959961,-7.788527965545654,7806400
0.9552529454231262,-1.348262906074524,0.25,8.063511848449707,7.670501708984375,7816000
0.01941666007041931,-1.3483624458312988,0.0,-6.420581817626953,-7.749527454376221,7826400
1.8393503427505493,-1.3483924865722656,4.0,22.92190933227539,23.412866592407227,7836800
0.5957793593406677,-1.3481419086456299,3.6666667461395264,1.745916485786438,0.993553876876831,7847200
0.017272930592298508,-1.3482487201690674,0.5,-6.055645942687988,-7.386621475219727,7857600
0.02587689831852913,-1.3483936786651611,0.0,-7.333395481109619,-8.655912399291992,7867200
0.012329339049756527,-1.348450779914856,0.0,-5.168421745300293,-6.504543304443359,7877600
0.010070840828120708,-1.3485314846038818,0.0,-4.712792873382568,-6.051253318786621,7888000
0.012141392566263676,-1.348541021347046,0.0,-4.986049652099609,-6.322449684143066,7897600
1.0294290781021118,-1.348665714263916,0.0,10.68315601348877,10.363920211791992,7908000
1.0131340026855469,-1.3488496541976929,5.5,8.810067176818848,8.47435188293457,7918400
0.021465549245476723,-1.3485230207443237,0.0,-6.843311309814453,-8.170368194580078,7928800
0.010506446473300457,-1.3486328125,0.0,-5.013189315795898,-6.351315498352051,7939200
1.0169310569763184,-1.3486192226409912,11.0,12.527824401855469,12.196136474609375,7950400
0.017183784395456314,-1.3487824201583862,0.5,-5.925848007202148,-7.257446765899658,7960000
0.7089938521385193,-1.3484550714492798,1.5,3.771310329437256,3.1318492889404297,7970400
0.01820291392505169,-1.3483538627624512,0.0,-6.258337497711182,-7.588488578796387,7980800
0.011538123711943626,-1.348389983177185,1.0,-5.181256294250488,-6.518108367919922,7990400
1.5508911609649658,-1.3483259677886963,3.6666667461395264,16.182640075683594,16.38520622253418,8000800
0.02415444701910019,-1.3482557535171509,0.0,-7.473410129547119,-8.797511100769043,8010400
0.019930964335799217,-1.3482677936553955,0.0,-6.654062271118164,-7.982398986816406,8020000
0.015929942950606346,-1.3482325077056885,0.0,-6.142926216125488,-7.475228309631348,8030400
0.01999323070049286,-1.3483392000198364,0.0,-6.599100112915039,-7.927445888519287,8040800
0.016180526465177536,-1.3483129739761353,0.25,-5.7713823318481445,-7.103514671325684,8051200
0.097295843064785,-1.3483723402023315,2.0,-4.850480079650879,-6.101556777954102,8061600
0.014468326233327389,-1.3484301567077637,0.25,-5.5259785652160645,-6.859940528869629,8072800
1.7629269361495972,-1.3486284017562866,6.0,22.01686668395996,22.431163787841797,8083200
0.23295103013515472,-1.3484925031661987,4.0,-2.174945831298828,-3.290487289428711,8092800
0.008346904069185257,-1.3486640453338623,0.0,-4.465532302856445,-5.805849075317383,8102400
2.472095012664795,-1.3484532833099365,12.0,23.851001739501953,24.97464370727539,8112800
0.01335164625197649,-1.348509669303894,0.0,-5.6204328536987305,-6.955591201782227,8123200
0.00773255480453372,-1.3485392332077026,0.0,-4.284172534942627,-5.624979496002197,8133600
0.9338043928146362,-1.3485450744628906,3.6666667461395264,8.396990776062012,7.982250213623047,8143200
0.013070155866444111,-1.3483322858810425,0.0,-5.197866439819336,-6.53312873840332,8153600
0.00845042522996664,-1.3482574224472046,0.5,-4.179915904998779,-5.519722938537598,8164000
0.9918578863143921,-1.3481861352920532,11.0,11.75209903717041,11.395770072937012,8174400
0.9996568560600281,-1.348153829574585,2.75,11.227211952209473,10.878714561462402,8184800
0.01869083382189274,-1.3481956720352173,0.25,-6.175926208496094,-7.505430698394775,8194400
0.015003416687250137,-1.3483684062957764,0.0,-5.617888927459717,-6.951253890991211,8204800
0.1459430605173111,-1.3485069274902344,0.3333333432674408,-3.6703555583953857,-4.872919082641602,8213600
0.39077746868133545,-1.3485162258148193,0.0,-0.15097153186798096,-1.1087102890014648,8224000
0.010364312678575516,-1.3483233451843262,0.0,-4.721072196960449,-6.059031009674072,8234400
1.268829107284546,-1.3482475280761719,7.333333492279053,13.224326133728027,13.14490795135498,8244800
0.010511297732591629,-1.348367691040039,0.0,-4.750254154205322,-6.088110446929932,8255200
0.01253878977149725,-1.3483121395111084,0.5,-5.118396282196045,-6.454169273376465,8265600
0.013567754998803139,-1.348132848739624,0.0,-5.289545059204102,-6.624110221862793,8276000
0.013222822919487953,-1.348186731338501,0.0,-5.614889144897461,-6.94985294342041,8286400
0.7598694562911987,-1.34806227684021,0.0,4.486114501953125,3.8979218006134033,8296800
0.023575179278850555,-1.3479220867156982,0.0,-7.026197910308838,-8.350544929504395,8308000
0.4314480125904083,-1.3475909233093262,0.0,-1.8195784091949463,-2.7357213497161865,8318400
1.877349615097046,-1.3476338386535645,11.0,23.713926315307617,24.243642807006836,8328800
0.019369708374142647,-1.3474712371826172,0.0,-6.63453483581543,-7.962636470794678,8338400
0.3288395404815674,-1.3475974798202515,5.5,-1.3325525522232056,-2.3513104915618896,8348800
0.025411482900381088,-1.3475788831710815,1.0,-7.296816825866699,-8.61898422241211,8359200
1.0623122453689575,-1.3474262952804565,0.0,11.659303665161133,11.374189376831055,8369600
0.016323644667863846,-1.347423791885376,0.0,-5.923625469207764,-7.254725456237793,8380000
1.0058599710464478,-1.3473597764968872,4.0,10.740606307983398,10.399106979370117,8390400
1.5843114852905273,-1.347346305847168,11.5,18.778305053710938,19.015270233154297,8400800
0.04170379415154457,-1.3470808267593384,0.5,-9.34658432006836,-10.651961326599121,8411200
0.030814578756690025,-1.3471986055374146,0.0,-8.112245559692383,-9.428629875183105,8420800
1.2631781101226807,-1.3471622467041016,2.4000000953674316,13.497983932495117,13.413999557495117,8431200
0.04886847361922264,-1.3470258712768555,0.3333333432674408,-10.168174743652344,-11.46633243560791,8442400
0.04137609526515007,-1.346975564956665,0.0,-9.120611190795898,-10.426210403442383,8452000
2.6230196952819824,-1.3472392559051514,3.25,35.40388488769531,36.679664611816406,8462400
0.034046076238155365,-1.347266674041748,0.0,-8.43071174621582,-9.743932723999023,8473600
0.8180752396583557,-1.3477054834365845,0.0,6.0752410888671875,5.5456109046936035,8484000
1.1748781204223633,-1.347785472869873,3.5,9.214082717895508,9.041175842285156,8494400
0.015787148848176003,-1.347676157951355,0.0,-6.1054606437683105,-7.437349796295166,8504800
0.026339242234826088,-1.347561001777649,0.3333333432674408,-7.399928092956543,-8.721150398254395,8515200
1.036725640296936,-1.3474971055984497,5.5,11.490960121154785,11.18018913269043,8525600
0.447418212890625,-1.3474785089492798,0.0,-0.8378697037696838,-1.7379300594329834,8536000
0.02354278601706028,-1.3475388288497925,0.0,-7.039294242858887,-8.363289833068848,8546400
1.0540906190872192,-1.347612738609314,3.6666667461395264,12.049509048461914,11.755987167358398,8556000
0.014719543047249317,-1.3476588726043701,1.0,-5.59987735748291,-6.932816505432129,8566400
1.630804419517517,-1.3477507829666138,1.0,18.948488235473633,19.23154067993164,8576800
0.01579197123646736,-1.3479118347167969,0.3333333432674408,-5.677567958831787,-7.009687900543213,8587200
0.9771987795829773,-1.3478254079818726,0.0,9.754976272583008,9.384349822998047,8597600
0.010351458564400673,-1.3474676609039307,0.0,-4.95599889755249,-6.29311466217041,8608000
0.19096608459949493,-1.3475583791732788,0.0,-5.10328483581543,-6.2598772048950195,8619200
1.0556631088256836,-1.3475080728530884,0.0,9.665328979492188,9.373483657836914,8628800
0.005736605729907751,-1.3475544452667236,0.0,-3.683897018432617,-5.025714874267578,8639200
0.013622535392642021,-1.3473527431488037,0.0,-5.401937961578369,-6.735668182373047,8649600
0.7733690142631531,-1.347513198852539,0.5,4.7731032371521,4.198958873748779,8659200
0.018948111683130264,-1.347412109375,0.3333333432674408,-6.207980632781982,-7.536444664001465,8668000
0.01106755156069994,-1.3475464582443237,0.0,-5.019956111907959,-6.356435298919678,8678400
1.0576149225234985,-1.3474018573760986,0.0,11.076680183410645,10.786893844604492,8689600
0.017557332292199135,-1.3473411798477173,0.0,-6.347799301147461,-7.67758321762085,8698400
0.016196398064494133,-1.3473420143127441,0.0,-6.03220272064209,-7.363348484039307,8708000
0.01602936163544655,-1.347274899482727,0.0,-5.861527919769287,-7.192773342132568,8718400
0.7934942245483398,-1.3470853567123413,11.0,6.773374557495117,6.219783306121826,8729600
1.6378506422042847,-1.3471882343292236,11.0,19.619762420654297,19.910423278808594,8739200
0.21935807168483734,-1.3469998836517334,4.0,-3.5455853939056396,-4.673227310180664,8748800
0.013689156621694565,-1.347193717956543,0.0,-5.706421375274658,-7.039926052093506,8760000
0.9468020796775818,-1.3471497297286987,0.0,8.258855819702148,7.858508110046387,8769600
0.015829134732484818,-1.3472154140472412,1.0,-5.895595550537109,-7.226982116699219,8780000
0.010988809168338776,-1.3471397161483765,0.0,-5.094281196594238,-6.430432319641113,8790400
0.011455432511866093,-1.3472906351089478,0.0,-5.074659824371338,-6.410494804382324,8800800
1.0490150451660156,-1.3473985195159912,5.5,12.01917839050293,11.720794677734375,8811200
0.022988105192780495,-1.3473752737045288,0.3333333432674408,-6.938412189483643,-8.262799263000488,8820800
0.7227432727813721,-1.3474867343902588,3.0,3.018869400024414,2.3941259384155273,8830400
0.012696854770183563,-1.3474292755126953,1.0,-5.2532057762146,-6.58793830871582,8841600
0.011529330164194107,-1.3473527431488037,0.0,-5.077180862426758,-6.413003921508789,8852000
0.010345203801989555,-1.347330093383789,0.0,-4.8120436668396,-6.149028778076172,8861600
0.891290009021759,-1.3474106788635254,11.0,8.67241382598877,8.216293334960938,8872800
0.010601034387946129,-1.3474050760269165,0.0,-4.988295555114746,-6.325099468231201,8884000
0.5647485852241516,-1.3473087549209595,11.0,2.6518869400024414,1.8693267107009888,8893600
0.035760387778282166,-1.3472572565078735,0.0,-8.53548526763916,-9.846982955932617,8904000
0.7536842226982117,-1.3472089767456055,0.0,3.3952484130859375,2.8017234802246094,8915200
1.0716395378112793,-1.3473609685897827,0.0,11.29041862487793,11.014698028564453,8925600
0.12920767068862915,-1.347350835800171,3.6666667461395264,-5.412600040435791,-6.630743026733398,8935200
1.6511961221694946,-1.3472307920455933,0.0,14.873482704162598,15.177448272705078,8946400
0.032113898545503616,-1.3470423221588135,0.3333333432674408,-8.193533897399902,-9.508461952209473,8956800
1.1270004510879517,-1.3470501899719238,0.0,10.080141067504883,9.860092163085938,8967200
0.022147424519062042,-1.3468884229660034,0.0,-7.0293354988098145,-8.354076385498047,8977600
0.15929944813251495,-1.34682297706604,3.6666667461395264,-6.241518974304199,-7.429042816162109,8988000
0.017027003690600395,-1.3467820882797241,0.0,-6.171962261199951,-7.501717567443848,8999200
1.6787359714508057,-1.346847653388977,3.0,18.68836784362793,19.02025604248047,9008800
0.015956919640302658,-1.3468003273010254,1.0,-5.950465202331543,-7.281308650970459,9019200
0.20575907826423645,-1.3468797206878662,2.4000000953674316,-4.643923282623291,-5.785043716430664,9030400
0.01768585853278637,-1.3468635082244873,0.0,-6.20725154876709,-7.536429405212402,9040800
0.01206559594720602,-1.3468297719955444,0.0,-5.330744743347168,-6.665509223937988,9050400
1.0258944034576416,-1.346785068511963,0.3333333432674408,10.773426055908203,10.452535629272461,9060000
0.03644062578678131,-1.3467228412628174,0.0,-8.744307518005371,-10.05458927154541,9071200
1.4047937393188477,-1.346756100654602,3.6666667461395264,12.237283706665039,12.295321464538574,9081600
1.0700247287750244,-1.3466193675994873,0.0,10.02422046661377,9.747625350952148,9092000
1.139343023300171,-1.3467216491699219,0.0,11.019718170166016,10.812339782714844,9102400
0.8965177536010742,-1.3468133211135864,0.25,3.605930805206299,3.155635356903076,9112800
0.015694817528128624,-1.346862554550171,0.0,-6.0773115158081055,-7.408479690551758,9123200
0.024394886568188667,-1.346888542175293,0.0,-7.155599594116211,-8.478093147277832,9132800
0.016524646431207657,-1.3469812870025635,0.0,-5.954502582550049,-7.284958839416504,9144000
0.3950046896934509,-1.3469897508621216,0.0,-1.6358054876327515,-2.5877904891967773,9154400
0.012708479538559914,-1.3469319343566895,0.0,-5.455995082855225,-6.790218353271484,9164800
0.020839190110564232,-1.346866250038147,0.0,-6.614890098571777,-7.940917015075684,9175200
0.01610812544822693,-1.3468732833862305,0.0,-5.857356071472168,-7.188121318817139,9185600
0.01650300994515419,-1.3469929695129395,0.0,-5.962582588195801,-7.293072700500488,9196000
0.8634576201438904,-1.3470332622528076,0.25,6.494908332824707,6.0113325119018555,9206400
0.01521253865212202,-1.3470090627670288,0.0,-5.982788562774658,-7.314585208892822,9216000
0.02373417839407921,-1.3471870422363281,0.0,-7.136134624481201,-8.459587097167969,9227200
0.019719785079360008,-1.3471952676773071,0.5,-6.543032169342041,-7.870507717132568,9237600
0.02612658403813839,-1.3472044467926025,0.0,-7.494927883148193,-8.81600570678711,9247200
0.01797860860824585,-1.3472739458084106,0.0,-6.494454383850098,-7.823749542236328,9258400
0.01955653913319111,-1.3471705913543701,0.0,-6.645109176635742,-7.972723007202148,9268800
0.015405022539198399,-1.3471784591674805,0.0,-6.044041633605957,-7.375814914703369,9279200
0.014499416574835777,-1.3471537828445435,0.0,-5.8227314949035645,-7.155385971069336,9289600
0.6837878227233887,-1.3470463752746582,1.8333333730697632,1.2082120180130005,0.544953465461731,9300000
0.015341434627771378,-1.3471177816390991,0.0,-5.943187236785889,-7.274963855743408,9311200
0.013078548945486546,-1.3472023010253906,0.0,-5.580273628234863,-6.914397239685059,9320800
0.18132895231246948,-1.3472379446029663,3.6666667461395264,-5.284092426300049,-6.4500017166137695,9331200
0.0216246135532856,-1.3472760915756226,0.5,-6.750250339508057,-8.075901985168457,9341600
1.212203025817871,-1.3473865985870361,0.0,12.644280433654785,12.5090970993042,9352000
0.02184956520795822,-1.3474891185760498,0.0,-6.845638275146484,-8.17127799987793,9362400
0.9385039210319519,-1.3475213050842285,3.6666667461395264,8.271370887756348,7.862353801727295,9372800
0.019021855667233467,-1.3475080728530884,0.6666666865348816,-6.289680004119873,-7.618165969848633,9383200
0.02280491217970848,-1.3474172353744507,0.0,-6.998387813568115,-8.322999954223633,9393600
0.293960839509964,-1.3474372625350952,0.25,-3.654567241668701,-4.708043575286865,9404000
0.7419799566268921,-1.3474372625350952,1.0,4.091518402099609,3.4860610961914062,9414400
0.025576390326023102,-1.3474757671356201,0.0,-7.32419490814209,-8.64609432220459,9424800
0.7730191349983215,-1.3475260734558105,5.5,5.162047386169434,4.587540626525879,9436000
0.016467392444610596,-1.347465991973877,0.0,-5.821543216705322,-7.152541637420654,9446400
1.1535396575927734,-1.347443699836731,2.200000047683716,13.89574146270752,13.701837539672852,9456000
0.011615566909313202,-1.3473979234695435,0.0,-5.248189449310303,-6.5839715003967285,9467200
0.8021466732025146,-1.3474265336990356,2.75,5.728477478027344,5.183197975158691,9478400
0.018627511337399483,-1.3474329710006714,0.5,-6.15054178237915,-7.479347229003906,9488800
0.8022115230560303,-1.347411036491394,0.25,5.388822555541992,4.843623161315918,9498400
0.6678581237792969,-1.3474055528640747,0.3333333432674408,4.155892372131348,3.4763450622558594,9509600
1.1654176712036133,-1.3474106788635254,0.0,13.328375816345215,13.146383285522461,9520800
0.6884674429893494,-1.34740149974823,0.6666666865348816,3.1215403079986572,2.462606430053711,9530400
0.009012611582875252,-1.3473494052886963,0.0,-4.5969719886779785,-5.935308456420898,9540800
0.014947474002838135,-1.3474243879318237,0.0,-5.598798751831055,-6.931275844573975,9552000
0.12379246205091476,-1.3474464416503906,0.0,-3.3769590854644775,-4.600613117218018,9562400
0.014455999247729778,-1.3474928140640259,0.0,-5.525868892669678,-6.858905792236328,9572000
0.09379205852746964,-1.3475006818771362,6.0,-3.809994697570801,-5.063703536987305,9582400
1.1078088283538818,-1.3474918603897095,0.0,11.074396133422852,10.834712982177734,9592800
0.013467254117131233,-1.3474479913711548,0.0,-5.400191783905029,-6.734172344207764,9603200
0.0092164920642972,-1.3474613428115845,0.0,-4.658823490142822,-5.997068405151367,9613600
0.6670483946800232,-1.3473856449127197,11.0,4.219236373901367,3.5388991832733154,9624000
0.6113425493240356,-1.3473963737487793,11.0,3.3884055614471436,2.6523518562316895,9634400
0.01499252300709486,-1.3474280834197998,0.3333333432674408,-5.65842342376709,-6.990859031677246,9645600
0.8939727544784546,-1.347370982170105,6.0,5.073520183563232,4.620121955871582,9655200
1.1091187000274658,-1.3473986387252808,0.0,10.330662727355957,10.092382431030273,9664800
1.0830100774765015,-1.3474106788635254,0.0,11.043155670166016,10.778755187988281,9676000
0.011261362582445145,-1.3473973274230957,0.0,-5.179027557373047,-6.515163421630859,9686400
0.016124946996569633,-1.347418189048767,0.5,-5.8788652420043945,-7.210158824920654,9696000
0.013034981675446033,-1.3473979234695435,0.0,-5.428395748138428,-6.762758731842041,9706400
0.016227805987000465,-1.3474125862121582,0.3333333432674408,-5.850862979888916,-7.1820478439331055,9717600
0.674462616443634,-1.3474299907684326,2.0,0.43868136405944824,-0.23428606986999512,9728000
0.012499460019171238,-1.347429633140564,0.0,-5.220531463623047,-6.555461883544922,9737600
0.9415906667709351,-1.3474396467208862,0.0,7.926967620849609,7.5211181640625,9748000
0.01164659671485424,-1.3474485874176025,0.0,-5.035252571105957,-6.371054649353027,9759200
0.010547256097197533,-1.3474308252334595,1.0,-4.920436859130859,-6.257320404052734,9769600
0.014640554785728455,-1.3474171161651611,0.0,-5.60031270980835,-6.933089256286621,9780000
0.9336628913879395,-1.3474576473236084,5.5,8.869428634643555,8.455633163452148,9790400
0.3870362937450409,-1.347460150718689,0.3333333432674408,-2.188710927963257,-3.149134635925293,9801600
0.010508056730031967,-1.3474665880203247,0.0,-4.9537811279296875,-6.2907395362854,9812000
0.017916295677423477,-1.3474775552749634,0.3333333432674408,-6.036917686462402,-7.36647891998291,9822400
0.01673988439142704,-1.3474873304367065,1.0,-5.983763694763184,-7.314511299133301,9832800
1.0484315156936646,-1.3474946022033691,1.7142857313156128,7.635409832000732,7.3363471031188965,9843200
0.010594796389341354,-1.347491979598999,0.0,-4.980307102203369,-6.317204475402832,9854400
0.015823595225811005,-1.3475016355514526,0.0,-5.8000807762146,-7.131759166717529,9864800
0.37799349427223206,-1.3475117683410645,0.3333333432674408,-1.2854310274124146,-2.2549493312835693,9875200
0.015457842499017715,-1.3475126028060913,0.0,-5.712000846862793,-7.044055938720703,9885600
0.014054653234779835,-1.3475196361541748,0.0,-5.448090553283691,-6.78155517578125,9896800
0.015384385362267494,-1.347509741783142,0.0,-5.744025707244873,-7.076151371002197,9907200
0.44231492280960083,-1.3475298881530762,2.75,-0.3573317229747772,-1.2625466585159302,9917600
0.015028383582830429,-1.347543716430664,0.0,-5.645328044891357,-6.977843284606934,9928000
0.015708081424236298,-1.3475505113601685,0.0,-5.698554992675781,-7.030397415161133,9939200
0.01251881942152977,-1.3475559949874878,0.0,-5.244505882263184,-6.579543113708496,9948800
0.2900241017341614,-1.3475596904754639,11.0,-1.4913419485092163,-2.548877477645874,9959200
0.022887015715241432,-1.347563624382019,0.5,-7.003194332122803,-8.32787036895752,9969600
0.011614765040576458,-1.3475664854049683,0.0,-5.135835647583008,-6.471787452697754,9980800
0.023963846266269684,-1.34756600856781,0.0,-7.017078876495361,-8.340681076049805,9990400
1.0677109956741333,-1.347565770149231,0.5,11.83018684387207,11.550332069396973,10000000
