baseline_loss,entropy_loss,mean_episode_return,pg_loss,total_loss,frame
1.0060778856277466,-0.14638651907444,0.0,4.374053001403809,5.233744144439697,1600
13.220039367675781,-0.09327279776334763,11.0,-2.2479403018951416,10.878826141357422,8000
21.91069793701172,-0.04137231782078743,0.0,-0.5499401688575745,21.319385528564453,18400
14.576417922973633,-0.09963135421276093,0.0,-0.11683283001184464,14.359953880310059,28000
2.835594415664673,-0.2989486753940582,0.0,0.5816999077796936,3.1183454990386963,38400
11.879541397094727,-0.4416809678077698,0.0,-0.8713766932487488,10.566483497619629,48000
3.712249279022217,-0.6967179179191589,0.0,-0.203995019197464,2.8115363121032715,58400
3.8095431327819824,-0.7086094617843628,0.0,-1.6383384466171265,1.4625951051712036,68800
1.7119197845458984,-0.8658065795898438,0.0,0.7855143547058105,1.6316275596618652,79200
0.9448113441467285,-0.872675359249115,11.0,1.7147631645202637,1.7868990898132324,88800
2.033121347427368,-0.8932032585144043,11.0,2.0465612411499023,3.186479091644287,99200
0.7108628749847412,-0.9492605924606323,0.0,-1.9077433347702026,-2.1461410522460938,108800
0.5139680504798889,-1.1047264337539673,0.0,-0.5331405997276306,-1.123898983001709,119200
1.4002747535705566,-1.0861496925354004,11.0,7.179202556610107,7.493327617645264,129600
0.4202245771884918,-1.2252691984176636,0.0,4.968935966491699,4.163891315460205,140000
0.5130915641784668,-1.1838070154190063,1.0,4.001837730407715,3.331122398376465,149600
0.18642763793468475,-1.2175244092941284,0.0,1.2274374961853027,0.1963406801223755,160000
0.17121665179729462,-1.2082501649856567,0.0,-0.1316201537847519,-1.1686537265777588,169600
0.5764510035514832,-1.1299115419387817,0.0,5.873460292816162,5.319999694824219,180000
0.24118384718894958,-1.2179932594299316,0.0,0.6714667677879333,-0.3053426742553711,189600
0.6968023180961609,-1.2206103801727295,11.0,4.169820308685303,3.6460120677948,200000
0.35251060128211975,-1.1386064291000366,0.0,1.8230408430099487,1.0369449853897095,209600
0.38147497177124023,-1.2527726888656616,0.0,1.5407377481460571,0.6694400310516357,220000
0.25401392579078674,-1.264810562133789,5.5,1.8741577863693237,0.863361120223999,230400
0.4826483428478241,-1.2570230960845947,1.0,4.828362464904785,4.053987503051758,240000
0.20603317022323608,-1.2636786699295044,0.0,-3.8928170204162598,-4.950462341308594,250400
0.12134859710931778,-1.2387453317642212,0.3333333432674408,-1.953340768814087,-3.070737361907959,260800
0.3603535592556,-1.2879019975662231,0.0,4.705095291137695,3.7775468826293945,270400
0.1184726282954216,-1.2998429536819458,1.0,-0.8714524507522583,-2.0528228282928467,280800
0.08241500705480576,-1.3126914501190186,0.0,-2.341756820678711,-3.572033166885376,290400
0.6071887612342834,-1.3171905279159546,4.0,6.63283109664917,5.9228291511535645,300800
0.08109694719314575,-1.310390591621399,0.25,0.013093351386487484,-1.216200351715088,310400
0.8122425079345703,-1.3213071823120117,11.0,10.797550201416016,10.288485527038574,320800
0.22412258386611938,-1.32416832447052,1.0,1.6198722124099731,0.5198265314102173,330400
0.3067706227302551,-1.3237892389297485,0.0,-8.044119834899902,-9.061138153076172,340800
0.18083555996418,-1.3193589448928833,0.0,1.018115758895874,-0.1204075813293457,350400
0.36496034264564514,-1.3034762144088745,0.0,1.2472012042999268,0.308685302734375,360800
0.12331187725067139,-1.3076342344284058,0.5,-4.487337589263916,-5.67165994644165,371200
0.06571817398071289,-1.3068263530731201,0.0,-3.2419381141662598,-4.483046531677246,380800
0.0995674878358841,-1.3123339414596558,0.3333333432674408,-3.571382761001587,-4.784149169921875,391200
0.3161587119102478,-1.333577036857605,11.0,5.588418960571289,4.571000576019287,400800
0.08662156760692596,-1.3217449188232422,0.0,-3.785876989364624,-5.021000385284424,411200
0.05432366207242012,-1.311319351196289,0.0,-1.6614198684692383,-2.9184155464172363,421600
0.04328757897019386,-1.3297746181488037,0.0,-1.4282505512237549,-2.7147374153137207,431200
0.25955790281295776,-1.323814034461975,0.0,-0.8283640742301941,-1.8926202058792114,440800
0.065700463950634,-1.3324003219604492,1.0,-2.37943959236145,-3.64613938331604,451200
0.0564606636762619,-1.3156347274780273,0.0,-2.186143159866333,-3.445317268371582,460800
0.18712519109249115,-1.3216845989227295,0.0,-8.745942115783691,-9.880501747131348,471200
0.05374279245734215,-1.3216381072998047,0.0,-2.816537380218506,-4.084432601928711,480800
0.6359658241271973,-1.3360377550125122,4.599999904632568,13.193102836608887,12.49303150177002,491200
0.30952051281929016,-1.330075979232788,0.0,2.206979274749756,1.1864237785339355,500800
0.323639839887619,-1.325828194618225,4.0,2.919466257095337,1.9172779321670532,511200
0.3125862181186676,-1.3215402364730835,11.0,2.583315372467041,1.5743614435195923,520800
0.10721069574356079,-1.3331468105316162,0.0,-4.3885040283203125,-5.614439964294434,531200
0.4925897419452667,-1.3231741189956665,11.0,7.847871780395508,7.017287731170654,540800
0.27902135252952576,-1.335991621017456,1.0,1.9953209161758423,0.9383506774902344,551200
0.2535702884197235,-1.3223718404769897,0.5,1.8410844802856445,0.7722829580307007,561600
0.36306101083755493,-1.3263388872146606,11.0,4.6486005783081055,3.6853227615356445,571200
0.06301627308130264,-1.3304128646850586,0.0,-4.7143940925598145,-5.981790542602539,581600
0.4209115207195282,-1.3359020948410034,2.0,-2.768007755279541,-3.6829981803894043,591200
0.019235655665397644,-1.3365354537963867,0.0,-2.770312547683716,-4.087612152099609,601600
0.21252256631851196,-1.3352819681167603,0.0,-0.7720467448234558,-1.894806146621704,611200
0.10884872823953629,-1.3360601663589478,0.0,-9.423064231872559,-10.650276184082031,620800
0.03932236507534981,-1.3390575647354126,0.0,-5.672441005706787,-6.9721760749816895,631200
0.2507472336292267,-1.3338305950164795,6.0,4.850378036499023,3.7672946453094482,640800
0.5119441747665405,-1.3401827812194824,0.0,1.9261553287506104,1.097916603088379,651200
0.5096530318260193,-1.342344045639038,0.6666666865348816,7.991229057312012,7.158537864685059,661600
0.35416433215141296,-1.336928129196167,4.0,-0.6470505595207214,-1.6298143863677979,671200
0.32883307337760925,-1.3403284549713135,1.8333333730697632,2.9583921432495117,1.9468967914581299,680800
0.03468267247080803,-1.3365119695663452,0.0,-3.8415920734405518,-5.143421173095703,691200
0.014010154642164707,-1.3356730937957764,0.0,0.7220223546028137,-0.5996406078338623,700800
0.014882183633744717,-1.3403681516647339,0.0,-0.2650499641895294,-1.5905358791351318,711200
0.19807901978492737,-1.3403956890106201,3.0,-0.2794114649295807,-1.4217281341552734,720800
0.36310335993766785,-1.341410756111145,0.0,3.900625467300415,2.9223179817199707,731200
0.31531864404678345,-1.338594913482666,1.0,3.985539197921753,2.9622631072998047,741600
0.17838208377361298,-1.3361865282058716,0.0,4.182584285736084,3.024779796600342,751200
0.029780281707644463,-1.3373905420303345,0.0,-3.390364646911621,-4.697974681854248,761600
0.033277738839387894,-1.3398420810699463,0.0,-4.714653491973877,-6.021218299865723,772000
0.03870321437716484,-1.3349655866622925,0.0,-5.85302734375,-7.149289608001709,782400
0.17616598308086395,-1.336212396621704,1.0,3.739565849304199,2.579519510269165,792000
0.987918496131897,-1.3379708528518677,0.6666666865348816,16.479873657226562,16.12982177734375,802400
0.04473740980029106,-1.3406046628952026,0.0,-5.840407371520996,-7.136274814605713,812000
0.016865910962224007,-1.344556212425232,0.0,-2.945563316345215,-4.273253440856934,822400
0.026665830984711647,-1.3419331312179565,0.0,-3.1108806133270264,-4.426147937774658,832000
0.07494741678237915,-1.3432563543319702,0.0,-9.099175453186035,-10.367484092712402,842400
0.6349050998687744,-1.346795678138733,11.0,4.892104148864746,4.180213451385498,852000
0.6627148389816284,-1.3457868099212646,0.0,12.051952362060547,11.368880271911621,862400
0.38150787353515625,-1.347381591796875,11.0,6.782200813293457,5.816327095031738,872800
0.014350363053381443,-1.3409141302108765,0.0,-0.5853211879730225,-1.9118850231170654,882400
0.4075815975666046,-1.3389183282852173,0.0,3.6173272132873535,2.685990810394287,892800
0.011814084835350513,-1.3371589183807373,0.0,-2.33138370513916,-3.656728506088257,902400
0.4548456370830536,-1.3440897464752197,11.0,7.607370853424072,6.718127250671387,912800
0.4901290535926819,-1.3457090854644775,0.0,8.268911361694336,7.413331985473633,922400
0.026546500623226166,-1.3379733562469482,0.0,-1.7900630235671997,-3.101490020751953,932800
0.1903485208749771,-1.3412574529647827,0.0,0.8871597051620483,-0.26374924182891846,942400
0.3816165328025818,-1.3441447019577026,0.0,3.698949098587036,2.7364206314086914,952800
0.05111536756157875,-1.3443752527236938,0.0,-7.523505210876465,-8.816764831542969,963200
0.6147969961166382,-1.346272349357605,0.3333333432674408,9.436258316040039,8.704782485961914,972800
0.26062166690826416,-1.3449026346206665,12.0,2.0620548725128174,0.9777740240097046,982400
0.01325121521949768,-1.3441903591156006,0.0,-2.5670619010925293,-3.898000955581665,992800
0.005763679277151823,-1.3459248542785645,0.0,-2.2550039291381836,-3.5951650142669678,1003200
0.08767160773277283,-1.3415205478668213,0.0,-10.060561180114746,-11.314410209655762,1012800
0.1874009072780609,-1.337913990020752,0.3333333432674408,-0.6375870108604431,-1.7881001234054565,1023200
0.013962490484118462,-1.33853280544281,0.0,-2.7719507217407227,-4.096520900726318,1032800
0.05127358436584473,-1.3425148725509644,0.3333333432674408,-8.142004013061523,-9.433245658874512,1043200
0.008258012123405933,-1.3405888080596924,0.0,-2.10054087638855,-3.4328715801239014,1052800
0.0073659117333590984,-1.3414257764816284,1.0,-2.4180939197540283,-3.7521538734436035,1063200
0.0027456830721348524,-1.343127727508545,0.0,-0.06888329982757568,-1.409265398979187,1072800
0.3914094865322113,-1.3441540002822876,3.6666667461395264,7.082971096038818,6.1302266120910645,1083200
0.3189101815223694,-1.3400685787200928,2.75,1.849034309387207,0.8278758525848389,1092800
0.02738526463508606,-1.3419902324676514,0.0,-5.8852219581604,-7.199827194213867,1103200
0.44750693440437317,-1.3424934148788452,2.75,4.400608062744141,3.5056214332580566,1112800
0.2242100089788437,-1.342673897743225,0.0,3.332850933074951,2.2143869400024414,1123200
0.017389265820384026,-1.342354655265808,0.0,-3.560706615447998,-4.885672092437744,1132800
0.04590293765068054,-1.3434104919433594,0.3333333432674408,-7.9481377601623535,-9.245645523071289,1143200
0.03898495063185692,-1.3398122787475586,0.3333333432674408,-4.872994422912598,-6.173821926116943,1152800
0.5290734767913818,-1.3406671285629272,0.0,4.8279900550842285,4.0163960456848145,1163200
0.002148890634998679,-1.3427997827529907,0.0,0.16291315853595734,-1.1777377128601074,1173600
0.004155819304287434,-1.3419982194900513,0.0,-0.9997555017471313,-2.3375978469848633,1183200
0.010824267752468586,-1.345145583152771,0.0,-3.4949827194213867,-4.829304218292236,1192800
0.999334990978241,-1.3441414833068848,5.5,11.724569320678711,11.379762649536133,1203200
0.4211287796497345,-1.3432960510253906,1.0,4.616985321044922,3.6948180198669434,1212800
0.0130427535623312,-1.3405485153198242,0.0,-3.0733554363250732,-4.4008612632751465,1223200
0.005763025488704443,-1.3414547443389893,0.0,-1.5460971593856812,-2.881788730621338,1233600
0.011226854287087917,-1.3407282829284668,0.25,-3.603447914123535,-4.932949066162109,1243200
0.002536073559895158,-1.3454540967941284,0.0,-1.2321579456329346,-2.575076103210449,1253600
0.012591460719704628,-1.344014048576355,0.0,-4.48939323425293,-5.8208160400390625,1263200
0.014122558757662773,-1.339648723602295,0.0,-3.812930107116699,-5.138456344604492,1273600
0.4806634485721588,-1.342300534248352,0.0,5.033622741699219,4.171985626220703,1283200
0.006775553338229656,-1.3428940773010254,0.0,-1.7337913513183594,-3.0699100494384766,1293600
0.013899597339332104,-1.3421545028686523,0.0,-4.081051826477051,-5.409306526184082,1304000
0.018540510907769203,-1.3398183584213257,0.0,-1.8458025455474854,-3.1670804023742676,1313600
0.01853995956480503,-1.3468668460845947,0.3333333432674408,-5.135373592376709,-6.463700294494629,1324000
0.47834184765815735,-1.3481184244155884,0.0,7.839324474334717,6.969547748565674,1334400
0.23161864280700684,-1.346852421760559,5.5,2.824147939682007,1.7089141607284546,1344000
0.5060025453567505,-1.342956304550171,0.0,4.854447364807129,4.01749324798584,1354400
0.00354784750379622,-1.3449702262878418,0.0,-1.4545382261276245,-2.7959604263305664,1364000
0.005494684912264347,-1.3435043096542358,0.0,-1.7109096050262451,-3.048919200897217,1374400
0.45517322421073914,-1.3448688983917236,0.0,6.39459753036499,5.504901885986328,1384000
0.00842579547315836,-1.3459805250167847,0.5,-3.656752109527588,-4.994307041168213,1394400
0.3439324200153351,-1.3461757898330688,0.0,4.270804405212402,3.268561363220215,1404000
0.5430548787117004,-1.3448189496994019,0.0,7.04813814163208,6.246374130249023,1414400
1.061509609222412,-1.3430744409561157,5.5,13.214621543884277,12.933055877685547,1424000
0.005829507019370794,-1.3445820808410645,0.0,-1.2773412466049194,-2.616093873977661,1433600
0.2092636078596115,-1.346143126487732,11.0,2.808403730392456,1.671524167060852,1444000
0.6763283014297485,-1.34299898147583,0.0,8.481805801391602,7.815135478973389,1454400
0.011898455210030079,-1.3424708843231201,0.0,-3.9449257850646973,-5.275498390197754,1464000
0.3012828230857849,-1.341341495513916,0.0,5.681254863739014,4.641196250915527,1473600
0.45483943819999695,-1.3430591821670532,0.0,4.697909355163574,3.809689521789551,1484000
0.5490371584892273,-1.344696044921875,0.0,4.406240463256836,3.610581398010254,1493600
0.7536665201187134,-1.344340205192566,3.6666667461395264,7.900155544281006,7.309481620788574,1504000
0.03195096552371979,-1.3436915874481201,0.6666666865348816,-6.263277053833008,-7.575017929077148,1513600
0.033304598182439804,-1.340870976448059,0.0,-4.0155253410339355,-5.323091506958008,1524000
0.08170583844184875,-1.336928129196167,0.0,-8.546880722045898,-9.802103042602539,1533600
0.003925624769181013,-1.3426885604858398,1.0,-0.9130877256393433,-2.2518506050109863,1544000
0.005622021853923798,-1.343126654624939,0.0,-2.0517563819885254,-3.389261245727539,1553600
0.19739225506782532,-1.3354226350784302,0.0,1.1339775323867798,-0.004052877426147461,1564000
0.003436687868088484,-1.3427071571350098,0.3333333432674408,-1.563183069229126,-2.9024534225463867,1573600
0.006403001025319099,-1.3413832187652588,0.0,-1.734594464302063,-3.0695748329162598,1584000
0.005100703798234463,-1.3437539339065552,0.0,-1.4428554773330688,-2.781508684158325,1593600
0.9160371422767639,-1.3437142372131348,3.0,12.098650932312012,11.670974731445312,1604000
0.03225081413984299,-1.3467947244644165,0.0,-4.745383262634277,-6.059926986694336,1613600
0.1898471862077713,-1.3463551998138428,11.0,4.5658416748046875,3.4093334674835205,1624000
0.6209608316421509,-1.3458572626113892,3.0,5.412318229675293,4.687421798706055,1633600
0.40321633219718933,-1.3482842445373535,0.0,0.9377896189689636,-0.007278323173522949,1643200
0.005480367224663496,-1.347240686416626,0.0,-2.649714469909668,-3.9914748668670654,1653600
0.026241056621074677,-1.348652720451355,0.0,-6.350600242614746,-7.6730122566223145,1663200
0.007960798218846321,-1.3488644361495972,0.0,-3.8881895542144775,-5.229093074798584,1672800
0.2307983934879303,-1.3492565155029297,3.6666667461395264,-3.1560144424438477,-4.274472236633301,1683200
0.4346385598182678,-1.3502388000488281,0.0,4.874405384063721,3.9588050842285156,1692800
0.003982100635766983,-1.349479079246521,0.3333333432674408,-1.511552095413208,-2.857048988342285,1703200
0.007982234470546246,-1.350557565689087,0.0,-3.820073127746582,-5.1626482009887695,1713600
0.005413789767771959,-1.349836826324463,0.3333333432674408,-2.9510462284088135,-4.295469284057617,1723200
0.2561461925506592,-1.3473327159881592,0.0,-0.7787507176399231,-1.8699371814727783,1733600
0.17264947295188904,-1.347708821296692,5.5,0.5387241840362549,-0.6363351345062256,1743200
0.007067789789289236,-1.350327730178833,0.0,-3.4275033473968506,-4.770763397216797,1752800
0.06580475717782974,-1.3495960235595703,1.0,-9.981668472290039,-11.265460014343262,1763200
0.001440374180674553,-1.3508355617523193,0.3333333432674408,-0.70195472240448,-2.0513498783111572,1772800
0.008140829391777515,-1.3509994745254517,0.0,-3.947681427001953,-5.2905402183532715,1783200
0.011752797290682793,-1.351271629333496,0.3333333432674408,-4.270615577697754,-5.610134601593018,1792800
0.014717564918100834,-1.3498612642288208,0.0,-4.633091449737549,-5.968235015869141,1803200
0.7501249313354492,-1.345503807067871,0.5,7.976494789123535,7.381115913391113,1812800
0.41705289483070374,-1.349084496498108,2.200000047683716,3.251743793487549,2.3197121620178223,1822400
0.0074388920329511166,-1.3503674268722534,0.3333333432674408,-1.9359803199768066,-3.2789087295532227,1832800
0.31933316588401794,-1.3503211736679077,5.5,3.401639223098755,2.3706512451171875,1842400
0.6746905446052551,-1.3491387367248535,0.25,8.804092407226562,8.129644393920898,1852800
0.8637392520904541,-1.3489447832107544,2.4000000953674316,3.375871181488037,2.8906660079956055,1862400
0.7291823625564575,-1.3485502004623413,0.0,5.883486747741699,5.264118671417236,1872800
0.015473425388336182,-1.3480323553085327,0.0,-5.643029689788818,-6.975588798522949,1882400
0.003943890333175659,-1.3485175371170044,0.0,-1.047561526298523,-2.3921351432800293,1892000
0.0015784832648932934,-1.3495224714279175,0.0,-0.6552979350090027,-2.003242015838623,1902400
0.5841743350028992,-1.3485479354858398,3.6666667461395264,6.104916095733643,5.340542316436768,1912000
0.006089839152991772,-1.3472974300384521,1.0,-2.907566785812378,-4.248774528503418,1922400
0.014225790277123451,-1.3465354442596436,0.0,-3.6987695693969727,-5.031079292297363,1932000
0.512121856212616,-1.3487591743469238,0.3333333432674408,5.393651008605957,4.557013511657715,1942400
0.0017314490396529436,-1.3493050336837769,0.0,-0.05511479452252388,-1.4026883840560913,1952000
0.4693545401096344,-1.349644422531128,3.6666667461395264,-2.078794479370117,-2.9590845108032227,1961600
0.00851960014551878,-1.3484371900558472,0.0,-3.4482340812683105,-4.788151741027832,1972000
0.12103163450956345,-1.3484480381011963,3.6666667461395264,-0.23067322373390198,-1.4580895900726318,1981600
0.028812874108552933,-1.3460793495178223,0.0,-6.892568111419678,-8.209835052490234,1992000
0.0011398044880479574,-1.3470245599746704,0.0,-0.22315283119678497,-1.5690375566482544,2001600
0.0026584267616271973,-1.3478870391845703,0.0,-1.2119617462158203,-2.557190418243408,2011200
0.3040222227573395,-1.3491963148117065,3.6666667461395264,2.6278741359710693,1.5827001333236694,2021600
0.14189107716083527,-1.3468793630599976,12.0,0.7497435808181763,-0.4552447199821472,2032000
0.013399685733020306,-1.34794020652771,0.0,-4.119550704956055,-5.4540910720825195,2041600
0.013621816411614418,-1.3469882011413574,0.0,-3.103388547897339,-4.436755180358887,2051200
0.02111184597015381,-1.3491382598876953,0.0,-5.961012840270996,-7.289039134979248,2060800
0.7969042062759399,-1.349530577659607,0.0,12.919522285461426,12.366896629333496,2071200
0.04097684845328331,-1.3495235443115234,0.0,-8.415108680725098,-9.723655700683594,2080800
0.011305353604257107,-1.3500783443450928,0.0,-3.6878957748413086,-5.026668548583984,2090400
0.019612334668636322,-1.3498297929763794,0.0,-5.9517083168029785,-7.281925678253174,2100800
2.171248435974121,-1.3502192497253418,2.75,14.645237922668457,15.466266632080078,2110400
0.14271026849746704,-1.3496685028076172,0.0,-2.2234814167022705,-3.4304397106170654,2120000
0.026173947378993034,-1.3491804599761963,0.0,-7.199702739715576,-8.522708892822266,2130400
0.004214136861264706,-1.3492960929870605,0.3333333432674408,-1.4851919412612915,-2.8302738666534424,2140000
0.49685537815093994,-1.348875880241394,0.0,4.2033467292785645,3.3513259887695312,2150400
0.00599824171513319,-1.3477139472961426,0.0,-1.5953896045684814,-2.937105178833008,2160000
0.016887377947568893,-1.3481417894363403,0.0,-4.722074031829834,-6.053328514099121,2169600
0.005121022462844849,-1.347538709640503,0.0,-1.835811972618103,-3.178229808807373,2180000
0.004260620567947626,-1.3480454683303833,0.3333333432674408,-1.359723448753357,-2.7035083770751953,2189600
0.015272457152605057,-1.3463518619537354,0.0,-4.414209842681885,-5.745288848876953,2200000
0.04188922792673111,-1.345983862876892,0.0,-8.347052574157715,-9.65114688873291,2209600
0.01296522282063961,-1.3454276323318481,0.0,-4.918793201446533,-6.251255512237549,2220000
0.3964477777481079,-1.3438444137573242,5.5,3.508995294570923,2.561598777770996,2229600
0.285942405462265,-1.3411357402801514,0.0,0.4807467460632324,-0.5744465589523315,2239200
0.004553195554763079,-1.3448588848114014,1.0,-1.8591632843017578,-3.1994690895080566,2249600
0.009590690024197102,-1.3440548181533813,0.0,-2.4516594409942627,-3.786123752593994,2259200
0.004896881524473429,-1.345682144165039,0.0,-2.551478385925293,-3.892263650894165,2268800
0.016049029305577278,-1.3415580987930298,0.0,-4.967685699462891,-6.293194770812988,2279200
0.6490463018417358,-1.3467251062393188,0.0,7.803746223449707,7.106067180633545,2288800
0.24179384112358093,-1.346583366394043,5.5,2.8857271671295166,1.780937671661377,2298400
0.04276566952466965,-1.3466922044754028,0.0,-6.131630897521973,-7.4355573654174805,2308800
0.030007358640432358,-1.3491778373718262,0.0,-7.375936508178711,-8.695106506347656,2318400
1.6228389739990234,-1.349184274673462,0.0,13.371950149536133,13.645605087280273,2328000
0.005356662441045046,-1.3483208417892456,0.0,-2.0862228870391846,-3.429187297821045,2338400
0.010355203412473202,-1.3485766649246216,0.0,-4.134302139282227,-5.4725236892700195,2348000
0.7272945642471313,-1.348776936531067,6.0,11.838056564331055,11.216574668884277,2358400
0.023248029872775078,-1.3471702337265015,1.0,-2.7234296798706055,-4.047351837158203,2368000
0.9465327262878418,-1.3455709218978882,3.0,10.366113662719727,9.967076301574707,2378400
0.03525641933083534,-1.347497582435608,0.0,-6.906222343444824,-8.218463897705078,2388000
0.41090667247772217,-1.3471410274505615,4.0,1.7529503107070923,0.8167159557342529,2397600
0.026573240756988525,-1.347193717956543,0.0,-6.601028919219971,-7.92164945602417,2408000
0.054857268929481506,-1.3463571071624756,0.5,-10.499201774597168,-11.790701866149902,2417600
0.014578824862837791,-1.345672369003296,0.0,-4.206081867218018,-5.537175178527832,2427200
0.009999958798289299,-1.3455723524093628,0.0,-2.8778703212738037,-4.213442802429199,2436800
0.5732309222221375,-1.3469669818878174,1.0,5.947347164154053,5.173610687255859,2447200
0.9610243439674377,-1.3442586660385132,0.75,5.515657424926758,5.132422924041748,2456800
0.009105261415243149,-1.3448247909545898,1.0,-3.8767716884613037,-5.212491035461426,2467200
0.013220144435763359,-1.3455162048339844,0.0,-4.798870086669922,-6.131165981292725,2476800
0.018193643540143967,-1.3441535234451294,1.0,-4.657506465911865,-5.983466148376465,2486400
0.0037672880571335554,-1.34480619430542,0.5,-1.9663734436035156,-3.3074123859405518,2496800
0.021662600338459015,-1.3456933498382568,1.0,-5.814924240112305,-7.138955116271973,2506400
1.595594048500061,-1.344199538230896,3.0,19.740013122558594,19.99140739440918,2516800
0.8518772721290588,-1.3456103801727295,5.5,8.647321701049805,8.15358829498291,2526400
0.043462321162223816,-1.3460685014724731,0.0,-8.268863677978516,-9.5714693069458,2536800
0.02179092913866043,-1.347206950187683,0.0,-6.537845611572266,-7.863261699676514,2546400
0.022883830592036247,-1.3478379249572754,0.0,-6.532301425933838,-7.857255458831787,2556000
0.6068962812423706,-1.3479290008544922,0.0,7.4857306480407715,6.744697570800781,2566400
1.1236790418624878,-1.3471760749816895,2.75,13.367131233215332,13.143634796142578,2576000
2.5416975021362305,-1.348214864730835,8.0,28.29324722290039,29.486730575561523,2586400
0.5214982628822327,-1.3482824563980103,0.0,4.351768970489502,3.524984836578369,2596000
0.6942794919013977,-1.3474857807159424,0.0,5.0162553787231445,4.363049507141113,2606400
0.03827502951025963,-1.3476052284240723,11.0,-6.249557971954346,-7.558887958526611,2616000
0.022779153659939766,-1.347137212753296,0.0,-4.447427272796631,-5.771785736083984,2626400
0.03908858820796013,-1.3472763299942017,0.0,-8.300972938537598,-9.609161376953125,2636000
0.00877687893807888,-1.3480114936828613,0.0,-3.4331858158111572,-4.772420406341553,2645600
0.0072221821174025536,-1.3465754985809326,0.0,-3.2641615867614746,-4.603514671325684,2655200
0.013511224649846554,-1.3464717864990234,0.0,-4.8480224609375,-6.180983066558838,2665600
0.013335400260984898,-1.3457489013671875,0.0,-4.215974807739258,-5.548388481140137,2675200
0.34956544637680054,-1.347210168838501,0.25,3.678548574447632,2.680903673171997,2684800
0.010465449653565884,-1.3463964462280273,0.5,-4.102100372314453,-5.438031196594238,2694400
0.014248360879719257,-1.346108317375183,0.0,-3.990478992462158,-5.322339057922363,2704800
0.02686700038611889,-1.3443611860275269,0.0,-6.41267728805542,-7.7301716804504395,2714400
0.16343531012535095,-1.343933343887329,0.0,-4.197876453399658,-5.378374099731445,2724000
0.0187423937022686,-1.3435325622558594,0.0,-4.343036651611328,-5.6678266525268555,2734400
0.011853831820189953,-1.3436286449432373,0.0,-2.607800006866455,-3.939574718475342,2744000
0.43300846219062805,-1.344466209411621,2.75,3.676143169403076,2.76468563079834,2753600
0.004253939725458622,-1.3444262742996216,0.0,-1.0520846843719482,-2.39225697517395,2764000
1.1657096147537231,-1.3458104133605957,5.5,13.65088176727295,13.470781326293945,2773600
0.028622768819332123,-1.3461363315582275,0.0,-5.920045375823975,-7.2375593185424805,2783200
0.028112273663282394,-1.3460843563079834,0.6666666865348816,-5.674797534942627,-6.992769241333008,2792800
0.009207680821418762,-1.3469926118850708,0.0,-3.2511277198791504,-4.588912487030029,2803200
0.39946457743644714,-1.345747470855713,11.0,3.088038206100464,2.1417553424835205,2812800
0.028731221333146095,-1.3465772867202759,0.20000000298023224,-5.4232354164123535,-6.741081237792969,2823200
0.9574620723724365,-1.3453092575073242,0.0,8.893621444702148,8.50577449798584,2832800
0.015982389450073242,-1.3478769063949585,0.0,-4.696166038513184,-6.028060436248779,2842400
0.020319035276770592,-1.3474668264389038,0.6666666865348816,-5.272433757781982,-6.599581718444824,2852000
0.007523005828261375,-1.347670316696167,1.0,-2.7155370712280273,-4.0556840896606445,2862400
0.3249177932739258,-1.3450171947479248,3.0,1.452265977859497,0.43216657638549805,2872000
0.2658397853374481,-1.3453545570373535,4.0,-1.2935887575149536,-2.373103618621826,2882400
0.016280321404337883,-1.3465771675109863,0.0,-4.727704048156738,-6.0580010414123535,2892000
0.006146841216832399,-1.3479795455932617,0.0,-2.1771609783172607,-3.518993616104126,2902400
0.013329642824828625,-1.3490338325500488,0.0,-3.5018181800842285,-4.837522506713867,2912000
0.5859630703926086,-1.3473297357559204,1.5,6.426659107208252,5.665292739868164,2922400
0.03007359616458416,-1.3472766876220703,0.0,-7.049812316894531,-8.367015838623047,2932000
0.019114339724183083,-1.3480284214019775,0.5,-5.729973316192627,-7.058887481689453,2941600
0.5687799453735352,-1.3481276035308838,0.0,7.795379161834717,7.016031265258789,2952000
0.015174750238656998,-1.34850013256073,0.0,-3.3561861515045166,-4.689511299133301,2961600
0.024933360517024994,-1.3458716869354248,0.25,-5.199896812438965,-6.520834922790527,2971200
0.41816744208335876,-1.34883451461792,0.0,3.076211929321289,2.1455447673797607,2981600
0.016760922968387604,-1.3479608297348022,0.25,-4.200211524963379,-5.531411647796631,2991200
0.018328575417399406,-1.3474225997924805,0.0,-6.276911735534668,-7.606005668640137,3000800
0.016171647235751152,-1.3471719026565552,0.0,-3.6650102138519287,-4.9960103034973145,3010400
0.020133350044488907,-1.3461560010910034,0.0,-5.486300945281982,-6.812323570251465,3020800
0.009058807045221329,-1.345434546470642,0.0,-3.628450393676758,-4.9648261070251465,3031200
1.7416787147521973,-1.3462496995925903,4.0,21.590463638305664,21.985891342163086,3040800
0.00792799610644579,-1.3462918996810913,0.0,-3.6592133045196533,-4.99757719039917,3050400
0.011333655565977097,-1.3474962711334229,1.0,-4.001666069030762,-5.337828636169434,3060800
0.014426196925342083,-1.3481519222259521,0.0,-5.178295612335205,-6.512021064758301,3070400
0.013000122271478176,-1.3476803302764893,0.0,-4.294901371002197,-5.629581451416016,3080000
0.003571909386664629,-1.3481401205062866,0.0,-2.415043592453003,-3.7596116065979004,3090400
1.2731250524520874,-1.348012089729309,5.5,19.12042808532715,19.04553985595703,3100000
0.7079640626907349,-1.3465875387191772,0.0,6.536451816558838,5.897828102111816,3110400
0.8539867401123047,-1.3451259136199951,12.0,11.688776969909668,11.197637557983398,3120000
0.019388731569051743,-1.3448972702026367,0.0,-5.329875946044922,-6.655384540557861,3130400
0.015683475881814957,-1.345613956451416,0.0,-5.2117743492126465,-6.5417046546936035,3140000
0.008396030403673649,-1.3468189239501953,0.5,-3.1744329929351807,-4.512855529785156,3149600
0.9468864798545837,-1.3467828035354614,0.5,13.09749984741211,12.697603225708008,3160000
0.009009577333927155,-1.3470624685287476,0.0,-2.877338171005249,-4.215391159057617,3169600
0.004706041421741247,-1.3481169939041138,0.0,-1.8654433488845825,-3.2088541984558105,3180000
0.01120780035853386,-1.348146677017212,0.0,-2.155750036239624,-3.4926888942718506,3189600
0.04029727727174759,-1.3470526933670044,0.0,-3.799304485321045,-5.106060028076172,3200000
0.04101147875189781,-1.3465306758880615,1.0,-3.247964382171631,-4.553483486175537,3209600
0.47545257210731506,-1.347643256187439,0.0,1.861565351486206,0.9893747568130493,3220000
0.012374117970466614,-1.3470813035964966,0.0,-4.121966361999512,-5.456673622131348,3229600
0.013938750140368938,-1.3486995697021484,0.0,-5.002872943878174,-6.3376336097717285,3240000
0.6988638639450073,-1.3487958908081055,0.5,7.714482307434082,7.064550399780273,3249600
0.010537317022681236,-1.3498945236206055,0.0,-3.5214433670043945,-4.860800743103027,3260000
0.44139212369918823,-1.3495657444000244,1.8333333730697632,3.2403059005737305,2.332132339477539,3269600
0.7018630504608154,-1.3486475944519043,0.0,5.286535263061523,4.639750957489014,3279200
0.706260621547699,-1.3480373620986938,0.0,6.611719608306885,5.969943046569824,3289600
0.14308488368988037,-1.3465696573257446,0.5,-4.412013530731201,-5.615498065948486,3299200
0.0045547327026724815,-1.347151279449463,0.0,-3.004352331161499,-4.346948623657227,3308800
0.00743512250483036,-1.3466960191726685,0.0,-3.1115968227386475,-4.450857639312744,3319200
1.4137494564056396,-1.3464183807373047,0.0,20.677623748779297,20.74495506286621,3328800
0.0051027205772697926,-1.3467719554901123,0.0,-3.082425594329834,-4.424095153808594,3339200
1.303428053855896,-1.3478734493255615,5.5,18.672569274902344,18.628124237060547,3348800
0.6662753224372864,-1.3478924036026,0.0,7.1356282234191895,6.4540114402771,3359200
0.011814132332801819,-1.348196268081665,0.0,-3.0844497680664062,-4.420831680297852,3368800
0.03790851682424545,-1.3446553945541382,0.0,-4.73199987411499,-6.0387468338012695,3379200
0.024234071373939514,-1.345013976097107,0.0,-4.299337387084961,-5.6201171875,3388800
0.0387982502579689,-1.3447670936584473,0.0,-7.285758972167969,-8.591728210449219,3399200
1.6438572406768799,-1.3460572957992554,0.6666666865348816,14.813117980957031,15.110918998718262,3408800
0.0069418009370565414,-1.3454556465148926,0.0,-2.1170616149902344,-3.455575466156006,3419200
0.013185258954763412,-1.3467844724655151,0.0,-4.8634796142578125,-6.197079181671143,3428800
0.023797571659088135,-1.3475441932678223,0.6666666865348816,-6.966243743896484,-8.289990425109863,3438400
0.01485485676676035,-1.3481026887893677,0.0,-4.076450347900391,-5.409698009490967,3448800
0.024419179186224937,-1.3465877771377563,0.0,-5.902039051055908,-7.224207401275635,3458400
0.0024343340191990137,-1.3477880954742432,0.0,-0.9782403111457825,-2.323594093322754,3468800
0.00653337687253952,-1.3481630086898804,0.0,-3.014461040496826,-4.356090545654297,3478400
0.013714241795241833,-1.3483244180679321,1.0,-4.997574806213379,-6.332184791564941,3488800
0.37204286456108093,-1.3481006622314453,0.0,1.2233532667160034,0.24729549884796143,3498400
0.02850482612848282,-1.3479887247085571,0.0,-6.429751873016357,-7.7492356300354,3508800
0.002006902126595378,-1.3483937978744507,0.0,-0.8098825216293335,-2.1562695503234863,3518400
0.01168614998459816,-1.3459718227386475,0.0,-4.862807750701904,-6.1970930099487305,3528800
0.05838755518198013,-1.3469340801239014,6.0,-4.346863746643066,-5.635410308837891,3538400
1.1619110107421875,-1.3466590642929077,3.6666667461395264,18.267362594604492,18.08261489868164,3548000
1.1343612670898438,-1.345771312713623,0.0,15.49274730682373,15.28133773803711,3558400
1.1307973861694336,-1.3468769788742065,0.6666666865348816,8.720943450927734,8.504863739013672,3568000
1.6476411819458008,-1.3475837707519531,1.0,25.38314437866211,25.68320083618164,3578400
0.015185671858489513,-1.3476520776748657,1.5,-4.838750839233398,-6.17121696472168,3588000
0.758754312992096,-1.3467134237289429,5.5,8.479999542236328,7.892040729522705,3598400
0.01471340749412775,-1.3473140001296997,0.0,-3.0946848392486572,-4.427285194396973,3608800
0.6431235671043396,-1.347748875617981,0.0,9.734532356262207,9.0299072265625,3618400
0.4827081859111786,-1.3432856798171997,0.0,4.47769021987915,3.617112636566162,3628800
0.47887060046195984,-1.3440568447113037,0.5,5.8682732582092285,5.003087043762207,3639200
0.07964219152927399,-1.346405029296875,6.0,-4.414623737335205,-5.681386470794678,3649600
0.2985534369945526,-1.3455697298049927,0.0,0.010986452922224998,-1.0360298156738281,3659200
0.023878313601017,-1.3448505401611328,0.0,-5.8857855796813965,-7.20675802230835,3668800
0.013555679470300674,-1.343420386314392,0.0,-3.83362078666687,-5.163485527038574,3679200
0.46677613258361816,-1.3423750400543213,11.0,2.708965301513672,1.8333663940429688,3689600
0.3957115113735199,-1.34408700466156,5.5,5.844099521636963,4.895723819732666,3699200
0.6536820530891418,-1.3424961566925049,0.0,1.6028287410736084,0.9140145778656006,3709600
0.009577789343893528,-1.344886302947998,0.0,-3.1596434116363525,-4.494952201843262,3719200
0.02623077481985092,-1.3442431688308716,0.0,-6.40615177154541,-7.724164009094238,3729600
0.048919741064310074,-1.343158483505249,0.0,-7.589423179626465,-8.883662223815918,3739200
1.9354861974716187,-1.345015287399292,0.5,14.910548210144043,15.501019477844238,3748800
0.682585597038269,-1.3453309535980225,0.0,9.289888381958008,8.627142906188965,3759200
0.004312808159738779,-1.3459477424621582,0.5,-1.0929265022277832,-2.4345614910125732,3769600
0.9523285031318665,-1.3458127975463867,3.0,10.758920669555664,10.365436553955078,3780000
0.027843214571475983,-1.3435512781143188,0.5,-5.638480186462402,-6.954188346862793,3789600
0.037945471704006195,-1.3405990600585938,0.0,-5.463473320007324,-6.766127109527588,3799200
0.7397090792655945,-1.3419593572616577,3.6666667461395264,7.871244430541992,7.268993854522705,3809600
0.007684818468987942,-1.343944787979126,0.0,-2.568222999572754,-3.9044830799102783,3819200
0.5337867736816406,-1.3443223237991333,0.0,3.841856002807617,3.031320571899414,3829600
0.4382883906364441,-1.3450894355773926,0.0,3.2146918773651123,2.3078908920288086,3839200
0.02430606447160244,-1.3446534872055054,0.0,-4.175919532775879,-5.496266841888428,3849600
0.06605740636587143,-1.3430589437484741,1.0,-6.467732906341553,-7.744734764099121,3859200
0.6679995059967041,-1.342950701713562,5.5,11.311388969421387,10.63643741607666,3869600
0.025912337005138397,-1.3432406187057495,0.0,-5.862538814544678,-7.179867267608643,3879200
0.6771564483642578,-1.3427891731262207,0.6666666865348816,5.505104064941406,4.839471340179443,3889600
0.01894722878932953,-1.3430973291397095,0.3333333432674408,-5.704362869262695,-7.028512954711914,3899200
0.005717348773032427,-1.343017339706421,0.0,-2.061570882797241,-3.3988709449768066,3909600
0.0030932396184653044,-1.344252586364746,0.0,-1.7876286506652832,-3.1287879943847656,3919200
0.00889818649739027,-1.3434100151062012,0.0,-3.0477609634399414,-4.382272720336914,3929600
0.006045098416507244,-1.344227910041809,0.0,-2.4114134311676025,-3.749596118927002,3939200
0.8592075705528259,-1.3443975448608398,0.0,12.453581809997559,11.968391418457031,3949600
0.30877992510795593,-1.3428688049316406,3.6666667461395264,0.7327596545219421,-0.30132925510406494,3960000
0.2332761287689209,-1.3430057764053345,5.5,2.343081474304199,1.2333518266677856,3969600
0.008255718275904655,-1.3443421125411987,0.0,-1.7651973962783813,-3.1012837886810303,3979200
0.2271052896976471,-1.3454455137252808,3.6666667461395264,1.7627761363983154,0.6444358825683594,3988800
0.022005239501595497,-1.344743013381958,0.0,-6.163369178771973,-7.486106872558594,3999200
1.3508380651474,-1.3452033996582031,11.0,21.556312561035156,21.561946868896484,4008800
0.564280092716217,-1.3444311618804932,0.0,7.776574611663818,6.996423721313477,4019200
0.018934577703475952,-1.3442449569702148,0.0,-5.0474090576171875,-6.3727192878723145,4029600
0.1490868479013443,-1.347381353378296,0.0,-0.3356642723083496,-1.5339587926864624,4039200
0.2579358220100403,-1.3478258848190308,0.0,1.5876219272613525,0.4977318048477173,4049600
0.005322491284459829,-1.347320556640625,0.0,-2.4583728313446045,-3.800370931625366,4059200
0.012444675900042057,-1.3475768566131592,0.0,-4.380801200866699,-5.715933799743652,4068800
0.025814129039645195,-1.3470518589019775,0.0,-6.919125556945801,-8.240363121032715,4079200
0.007710161618888378,-1.3483151197433472,0.0,-2.345806837081909,-3.6864118576049805,4088800
0.012896097265183926,-1.3474254608154297,0.5,-3.753460168838501,-5.087989807128906,4099200
0.011321833357214928,-1.3481745719909668,0.0,-0.8394110798835754,-2.1762638092041016,4108800
0.036808520555496216,-1.3471757173538208,0.0,-8.58983325958252,-9.900199890136719,4119200
0.011234182864427567,-1.3467011451721191,0.0,-3.9916582107543945,-5.327125072479248,4128800
0.018940802663564682,-1.3476824760437012,0.0,-5.636881351470947,-6.965622901916504,4139200
0.027522165328264236,-1.3459240198135376,0.0,-5.722253799438477,-7.040655612945557,4148800
0.010264131240546703,-1.3472590446472168,0.0,-3.1371071338653564,-4.474102020263672,4158400
0.5695317983627319,-1.3474385738372803,4.0,2.2919716835021973,1.5140650272369385,4168800
0.9995293021202087,-1.3468965291976929,5.5,10.318984985351562,9.971617698669434,4178400
0.025395357981324196,-1.346933364868164,0.0,-3.699058771133423,-5.020596504211426,4188800
0.21675172448158264,-1.3475608825683594,11.0,0.16818620264530182,-0.9626229405403137,4199200
1.1752163171768188,-1.348193883895874,0.75,13.6800537109375,13.507076263427734,4208800
1.122613549232483,-1.3480567932128906,3.6666667461395264,11.656950950622559,11.43150806427002,4219200
0.5648431777954102,-1.3484225273132324,0.0,-0.24561519920825958,-1.0291945934295654,4228800
0.005229230970144272,-1.3491582870483398,0.0,-2.9656484127044678,-4.309577465057373,4239200
0.22078032791614532,-1.348693609237671,0.5,-4.50063943862915,-5.628552436828613,4248800
0.13751454651355743,-1.3488105535507202,3.6666667461395264,0.053707774728536606,-1.157588243484497,4259200
0.033424001187086105,-1.3484607934951782,0.0,-3.813361406326294,-5.128398418426514,4268800
0.05227542668581009,-1.347252607345581,0.0,-7.681859016418457,-8.976836204528809,4279200
0.4082711935043335,-1.3488736152648926,2.200000047683716,3.5735230445861816,2.632920742034912,4288800
0.4899864196777344,-1.3490803241729736,0.3333333432674408,2.379642963409424,1.5205490589141846,4298400
0.22767026722431183,-1.3490301370620728,0.6666666865348816,-2.682929754257202,-3.8042898178100586,4308800
0.02663307823240757,-1.3491237163543701,0.0,-6.804011344909668,-8.12650203704834,4318400
1.2040956020355225,-1.3484365940093994,6.0,15.119162559509277,14.974821090698242,4328800
0.07489244639873505,-1.3466107845306396,0.0,-8.955672264099121,-10.227391242980957,4338400
0.017539367079734802,-1.349421501159668,0.3333333432674408,-4.702823638916016,-6.034705638885498,4348800
0.5389946103096008,-1.3493894338607788,0.0,6.874542713165283,6.06414794921875,4358400
0.008552943356335163,-1.349813461303711,0.0,-4.163534641265869,-5.504795074462891,4368000
0.07876172661781311,-1.3495962619781494,0.0,-8.803513526916504,-10.074347496032715,4378400
0.5571720600128174,-1.349238395690918,0.0,7.143408298492432,6.35134220123291,4388000
0.06093630567193031,-1.34893000125885,0.0,-10.03055191040039,-11.318546295166016,4398400
0.009789432398974895,-1.3496761322021484,0.0,-4.363196849822998,-5.703083515167236,4408000
0.01571023277938366,-1.3493627309799194,0.0,-5.08436918258667,-6.4180216789245605,4418400
0.012949934229254723,-1.3498826026916504,0.0,-3.816488265991211,-5.153420925140381,4428000
0.0233965702354908,-1.349633812904358,0.0,-1.8872548341751099,-3.213491916656494,4438400
0.01587420329451561,-1.3497213125228882,0.0,-4.386346340179443,-5.720193386077881,4448000
0.008536838926374912,-1.35065758228302,0.0,-1.6611026525497437,-3.003223419189453,4458400
0.016394836828112602,-1.3498107194900513,0.0,-4.138482093811035,-5.471898078918457,4468000
0.770225465297699,-1.350006103515625,0.0,10.22877311706543,9.648992538452148,4478400
0.29139918088912964,-1.3501495122909546,0.0,-0.48677000403404236,-1.545520305633545,4488000
0.004871186800301075,-1.3503037691116333,0.0,-2.805736780166626,-4.151169300079346,4498400
0.7622790336608887,-1.350128412246704,0.20000000298023224,8.102435111999512,7.514585494995117,4508800
0.8308908939361572,-1.350183129310608,0.0,10.44739055633545,9.92809772491455,4518400
0.012250914238393307,-1.3501464128494263,0.0,-5.032749652862549,-6.370645046234131,4528000
0.008045601658523083,-1.3494880199432373,0.0,-3.8333327770233154,-5.174775123596191,4538400
0.004481432493776083,-1.3496841192245483,0.0,-2.673003911972046,-4.018206596374512,4548000
0.018475230783224106,-1.348332166671753,0.0,-4.158674716949463,-5.488532066345215,4558400
0.10745672136545181,-1.3499783277511597,7.0,-4.327255725860596,-5.569777488708496,4568000
0.02555232122540474,-1.3501391410827637,0.0,-5.993243217468262,-7.3178300857543945,4577600
0.5564169883728027,-1.3504678010940552,7.666666507720947,10.267480850219727,9.473430633544922,4588000
0.024922089651226997,-1.3503234386444092,1.0,-2.786038875579834,-4.111440181732178,4598400
0.4280233085155487,-1.3506574630737305,0.0,3.3952808380126953,2.472646713256836,4608000
0.02490181475877762,-1.349540114402771,0.0,-5.641870975494385,-6.9665093421936035,4618400
0.028577391058206558,-1.3475309610366821,0.0,-6.2460408210754395,-7.5649943351745605,4628000
1.2593990564346313,-1.348078727722168,4.0,21.467039108276367,21.378360748291016,4638400
0.012816324830055237,-1.3499573469161987,0.0,-4.701753616333008,-6.0388946533203125,4648000
0.007999355904757977,-1.3496341705322266,0.0,-3.434424638748169,-4.776059150695801,4658400
0.09304902702569962,-1.3499363660812378,2.75,-1.314490795135498,-2.571378231048584,4668000
0.006860824767500162,-1.349112629890442,0.1666666716337204,-3.3010005950927734,-4.643252372741699,4678400
0.0058279698714613914,-1.3485935926437378,0.0,-2.158613681793213,-3.5013794898986816,4688000
0.04948281869292259,-1.3467353582382202,0.0,-5.274764537811279,-6.572017192840576,4698400
0.4654281437397003,-1.3467566967010498,5.5,5.342761993408203,4.461433410644531,4708000
1.0481233596801758,-1.3479101657867432,0.0,9.338357925415039,9.03857135772705,4717600
0.4063003361225128,-1.3479630947113037,0.0,1.3667969703674316,0.42513418197631836,4728000
0.013537929393351078,-1.3474282026290894,0.0,-4.662359237670898,-5.996249675750732,4737600
0.02566283382475376,-1.3462780714035034,0.0,-7.317235469818115,-8.637850761413574,4748000
0.04376007989048958,-1.346170425415039,0.0,-9.126075744628906,-10.428485870361328,4757600
0.05813652649521828,-1.3452454805374146,0.0,-9.850290298461914,-11.137398719787598,4767200
1.695500135421753,-1.3456733226776123,0.0,22.177108764648438,22.526935577392578,4777600
0.5327447056770325,-1.3463850021362305,3.6666667461395264,3.3425631523132324,2.5289227962493896,4787200
0.09962743520736694,-1.345859169960022,1.0,-4.073655605316162,-5.319887161254883,4796800
0.012931495904922485,-1.346211552619934,0.5,-2.9350345134735107,-4.268314361572266,4807200
0.572472095489502,-1.346142053604126,4.0,3.9902424812316895,3.2165725231170654,4816800
0.01026078499853611,-1.3473913669586182,0.0,-4.268956661224365,-5.606087684631348,4827200
0.289422869682312,-1.3474018573760986,0.0,-0.5100041627883911,-1.5679831504821777,4836800
0.923700749874115,-1.3475377559661865,0.0,14.266497611999512,13.842659950256348,4846400
0.009222065098583698,-1.3476488590240479,0.0,-3.81064772605896,-5.149074554443359,4856800
0.0034102643840014935,-1.347665786743164,0.0,-2.54473876953125,-3.8889942169189453,4866400
0.645604133605957,-1.347680687904358,11.0,10.988450050354004,10.286373138427734,4876000
0.31669881939888,-1.348386526107788,3.6666667461395264,3.149080514907837,2.1173927783966064,4886400
0.005300873424857855,-1.3485840559005737,0.25,-3.041307210922241,-4.3845906257629395,4896000
0.00898166373372078,-1.3479039669036865,0.0,-1.0922963619232178,-2.4312186241149902,4905600
0.5597557425498962,-1.348395824432373,0.0,5.012481689453125,4.223841667175293,4916000
0.2909811735153198,-1.348768949508667,3.6666667461395264,1.6017839908599854,0.5439962148666382,4925600
0.17359137535095215,-1.346427083015442,0.0,-2.555432081222534,-3.7282676696777344,4936000
0.7832638025283813,-1.348738670349121,11.0,13.080397605895996,12.514923095703125,4945600
0.3108874261379242,-1.348036766052246,5.5,4.809145927429199,3.77199649810791,4955200
0.37352246046066284,-1.3469043970108032,11.0,4.048047065734863,3.074665069580078,4965600
0.02403794601559639,-1.3475409746170044,0.0,-5.784595489501953,-7.10809850692749,4975200
0.04015519097447395,-1.347083568572998,0.0,-5.343317985534668,-6.6502461433410645,4984800
0.3305693566799164,-1.3482731580734253,0.0,4.403359413146973,3.385655403137207,4995200
0.6100754141807556,-1.3481642007827759,4.599999904632568,12.205751419067383,11.46766185760498,5004800
0.0038029791321605444,-1.3492016792297363,0.0,-1.0583266019821167,-2.4037251472473145,5014400
0.5396287441253662,-1.3490779399871826,0.0,8.674837112426758,7.865387916564941,5024800
0.633571982383728,-1.3492209911346436,5.5,10.794499397277832,10.078849792480469,5034400
0.020441809669137,-1.3494665622711182,0.0,-5.90629243850708,-7.235317230224609,5044800
0.39375039935112,-1.3471935987472534,1.0,-0.017325658351182938,-0.9707688689231873,5054400
1.731856107711792,-1.346704363822937,0.0,16.86453628540039,17.24968719482422,5064800
0.05110958591103554,-1.348325490951538,0.0,-7.407919406890869,-8.705135345458984,5074400
0.24211709201335907,-1.3491564989089966,0.3333333432674408,-1.4691708087921143,-2.5762102603912354,5084000
0.24799256026744843,-1.3475468158721924,11.0,0.7967075109481812,-0.3028467893600464,5094400
0.4508250653743744,-1.3465112447738647,4.0,4.2343878746032715,3.3387017250061035,5104800
0.03982339799404144,-1.3476300239562988,0.5,-6.2215423583984375,-7.529348850250244,5114400
0.024647828191518784,-1.3473751544952393,0.0,-4.670636177062988,-5.993363380432129,5124000
0.2846505045890808,-1.3485976457595825,6.0,4.349850654602051,3.2859034538269043,5134400
0.4946146607398987,-1.3479336500167847,3.0,7.089991092681885,6.2366719245910645,5144000
0.015959931537508965,-1.3488188982009888,0.0,-4.234005928039551,-5.566864967346191,5154400
0.2163829207420349,-1.349334955215454,0.0,0.5575526356697083,-0.5753993988037109,5164000
0.1587052047252655,-1.3491166830062866,2.200000047683716,-1.896735429763794,-3.087146759033203,5173600
0.5413826107978821,-1.348480224609375,2.75,4.871797561645508,4.064700126647949,5184000
0.8067949414253235,-1.348809003829956,0.0,7.231095790863037,6.689081192016602,5193600
0.24085719883441925,-1.348838448524475,7.333333492279053,-0.4373944401741028,-1.5453757047653198,5204000
0.004253059159964323,-1.349089503288269,0.0,-2.1919546127319336,-3.5367908477783203,5214400
0.7496538162231445,-1.34801185131073,0.0,7.769262790679932,7.170905113220215,5224000
0.7309190630912781,-1.347942590713501,0.0,8.045512199401855,7.428488731384277,5233600
0.02515101619064808,-1.3471871614456177,0.0,-4.241679668426514,-5.56371545791626,5244000
0.02892485074698925,-1.3467875719070435,0.0,-6.351178169250488,-7.669040679931641,5253600
0.019646022468805313,-1.3471075296401978,0.0,-4.540048599243164,-5.867509841918945,5263200
0.03203494846820831,-1.3469774723052979,1.0,-6.794956684112549,-8.109899520874023,5273600
0.0053566317074000835,-1.3488268852233887,0.0,-3.143639326095581,-4.487109661102295,5283200
0.021923504769802094,-1.3472568988800049,0.25,-4.133235454559326,-5.458568572998047,5292800
0.7630546689033508,-1.3478666543960571,1.0,10.49014663696289,9.90533447265625,5303200
0.7588618993759155,-1.3474760055541992,0.0,7.2254180908203125,6.636804103851318,5312800
0.03396052122116089,-1.347150444984436,0.0,-1.8134437799453735,-3.126633644104004,5323200
0.025915727019309998,-1.3465200662612915,1.0,-4.514965057373047,-5.835569381713867,5332800
2.322913408279419,-1.3469477891921997,8.0,19.038101196289062,20.014066696166992,5342400
0.05552390217781067,-1.3442546129226685,0.0,-5.395781517028809,-6.684512138366699,5352800
0.2158082276582718,-1.3462003469467163,0.6666666865348816,-7.5262017250061035,-8.656593322753906,5363200
0.32709771394729614,-1.3450063467025757,3.6666667461395264,0.7742559909820557,-0.24365270137786865,5372800
0.7264274954795837,-1.345607876777649,0.5,6.804086685180664,6.184906482696533,5382400
0.0361207015812397,-1.3448323011398315,0.0,-2.9711904525756836,-4.27990198135376,5392800
0.044999126344919205,-1.344796061515808,1.0,-7.754418849945068,-9.054215431213379,5402400
0.018585527315735817,-1.3456056118011475,0.0,-3.6904475688934326,-5.017467498779297,5412800
0.3865918815135956,-1.345877766609192,0.5,5.357611656188965,4.3983259201049805,5422400
0.05539729818701744,-1.344056248664856,0.5,-5.813990116119385,-7.102648735046387,5432800
0.9026995897293091,-1.3450356721878052,0.5,14.347365379333496,13.905029296875,5442400
0.04260518401861191,-1.3457523584365845,0.0,-7.8416361808776855,-9.144783020019531,5452800
0.06518739461898804,-1.3407179117202759,0.0,-7.123021602630615,-8.398551940917969,5462400
0.006345303263515234,-1.346643090248108,0.0,-3.219226360321045,-4.559524059295654,5472800
0.15655821561813354,-1.3451168537139893,0.0,-0.6783257722854614,-1.866884469985962,5482400
0.47881054878234863,-1.3420246839523315,2.200000047683716,3.5989770889282227,2.735762596130371,5492800
0.021808024495840073,-1.346445918083191,0.6666666865348816,-5.669449806213379,-6.9940876960754395,5502400
0.010543628595769405,-1.3473576307296753,0.0,-4.205965042114258,-5.542778968811035,5512800
0.017228441312909126,-1.3453433513641357,0.0,-3.4333691596984863,-4.761484146118164,5522400
0.010497700423002243,-1.3474254608154297,0.0,-3.657766819000244,-4.994694709777832,5532000
0.004387826658785343,-1.3485559225082397,0.0,-2.0812556743621826,-3.4254236221313477,5541600
1.5640513896942139,-1.3470016717910767,5.5,20.617538452148438,20.83458709716797,5552000
0.036857567727565765,-1.3450580835342407,0.0,-6.972012519836426,-8.280213356018066,5561600
0.5226628184318542,-1.344801425933838,11.0,8.085906028747559,7.263767719268799,5572000
0.7630113959312439,-1.3470323085784912,0.0,11.1362943649292,10.55227279663086,5581600
0.017592154443264008,-1.3468812704086304,0.0,-4.984352111816406,-6.313641548156738,5592000
0.011264617554843426,-1.348152756690979,0.0,-4.059293270111084,-5.396181106567383,5601600
0.030393080785870552,-1.3462855815887451,0.0,-6.397120475769043,-7.7130126953125,5612000
0.008145596832036972,-1.3479065895080566,0.0,-3.8906636238098145,-5.230424880981445,5622400
0.6482785940170288,-1.3476508855819702,0.3333333432674408,4.559605598449707,3.8602333068847656,5632000
0.002225083066150546,-1.3483139276504517,0.1666666716337204,-1.1290256977081299,-2.475114583969116,5641600
0.5865421295166016,-1.3444105386734009,0.0,0.6365004181861877,-0.12136805057525635,5652000
0.6216301918029785,-1.3475613594055176,4.0,5.921510696411133,5.195579528808594,5661600
0.0388348288834095,-1.3453335762023926,0.5,-6.743733882904053,-8.05023193359375,5671200
0.030615447089076042,-1.3484153747558594,0.0,-7.360225200653076,-8.678025245666504,5681600
0.06392022967338562,-1.346453070640564,1.0,-2.525935411453247,-3.8084683418273926,5691200
0.010565008036792278,-1.3483511209487915,0.5,-3.979079008102417,-5.316864967346191,5701600
0.9476864337921143,-1.3480432033538818,0.0,13.825643539428711,13.425286293029785,5711200
0.03357958048582077,-1.3461322784423828,0.0,-6.641377925872803,-7.953930854797363,5720800
0.011919773183763027,-1.3472635746002197,0.0,-3.145550012588501,-4.480894088745117,5731200
0.03275251388549805,-1.3479499816894531,0.0,-4.167635917663574,-5.482833385467529,5740800
1.0619494915008545,-1.347310185432434,0.3333333432674408,11.077591896057129,10.792231559753418,5750400
0.5698239207267761,-1.3458207845687866,3.6666667461395264,2.8175132274627686,2.0415163040161133,5760800
0.6406829953193665,-1.3469001054763794,3.0,2.151186227798462,1.4449690580368042,5770400
0.21306468546390533,-1.3468965291976929,0.0,-2.1870570182800293,-3.3208889961242676,5780800
0.9716265201568604,-1.347797155380249,0.0,12.554108619689941,12.177937507629395,5790400
0.5462986826896667,-1.3450841903686523,11.0,4.7073516845703125,3.9085659980773926,5800800
2.364980697631836,-1.3480558395385742,0.0,18.29751968383789,19.31444549560547,5810400
0.2252463698387146,-1.3471349477767944,4.0,-4.649899482727051,-5.771788120269775,5820000
0.005725843831896782,-1.3481799364089966,1.0,-2.203068971633911,-3.545523166656494,5830400
0.4506800174713135,-1.3475892543792725,2.75,4.882869720458984,3.9859602451324463,5840000
0.006619538180530071,-1.3488209247589111,0.0,-3.1491777896881104,-4.491379261016846,5849600
0.006812157109379768,-1.3488667011260986,0.0,-0.207077756524086,-1.5491323471069336,5860000
0.009069359861314297,-1.348368525505066,0.0,-3.584348201751709,-4.923647403717041,5869600
0.0037982428912073374,-1.348656415939331,0.0,-1.8598939180374146,-3.204751968383789,5880000
0.017708299681544304,-1.3485665321350098,0.0,-4.049651145935059,-5.380509376525879,5889600
0.024219941347837448,-1.3486799001693726,0.0,-6.630431175231934,-7.954891204833984,5900000
0.03779423236846924,-1.3488006591796875,0.0,-8.512985229492188,-9.823991775512695,5909600
0.03090231493115425,-1.348207712173462,0.0,-2.3842806816101074,-3.7015860080718994,5920000
0.02411513589322567,-1.3485420942306519,1.0,-4.86672306060791,-6.191150188446045,5929600
0.029223451390862465,-1.3480864763259888,0.3333333432674408,-6.028431415557861,-7.347294330596924,5939200
0.5939548015594482,-1.347572922706604,3.25,1.3825552463531494,0.6289371252059937,5948800
0.018413502722978592,-1.3476606607437134,0.0,-5.000326633453369,-6.329573631286621,5959200
0.014394725672900677,-1.3473314046859741,0.0,-3.8731043338775635,-5.206040859222412,5968800
0.0393453873693943,-1.3459142446517944,0.0,-5.452456951141357,-6.759026050567627,5978400
0.02408219873905182,-1.3468793630599976,0.0,-4.895627975463867,-6.218425273895264,5988800
0.753398060798645,-1.345731496810913,0.0,5.515737533569336,4.923403739929199,5998400
0.02038496918976307,-1.3472470045089722,0.0,-3.657076120376587,-4.983938217163086,6008800
0.028760209679603577,-1.347399115562439,0.0,-6.403968334197998,-7.722607135772705,6018400
0.041140563786029816,-1.34623384475708,0.5,-5.330183506011963,-6.635276794433594,6028000
0.39732563495635986,-1.3445457220077515,2.75,2.8565616607666016,1.9093414545059204,6037600
0.030688483268022537,-1.34480881690979,0.0,-5.143534183502197,-6.45765495300293,6048000
0.0665275976061821,-1.344820499420166,0.0,-6.580714225769043,-7.859007358551025,6057600
0.06459683179855347,-1.3433592319488525,0.0,-5.560140132904053,-6.838902473449707,6067200
0.6912646293640137,-1.3458019495010376,0.0,10.854451179504395,10.199913024902344,6077600
0.015227753669023514,-1.3455088138580322,0.0,-2.887939453125,-4.2182207107543945,6087200
0.6437849402427673,-1.3445842266082764,0.0,3.1869027614593506,2.4861035346984863,6096800
0.02557128481566906,-1.3456063270568848,0.3333333432674408,-5.792139530181885,-7.1121745109558105,6106400
0.029406219720840454,-1.3454384803771973,0.3333333432674408,-5.334799766540527,-6.650832176208496,6116000
0.02809697948396206,-1.3466628789901733,0.5,-5.952895641326904,-7.271461486816406,6125600
0.004140988923609257,-1.3475888967514038,0.0,-2.5736939907073975,-3.917141914367676,6135200
0.9610807299613953,-1.3471119403839111,0.4000000059604645,6.852504253387451,6.466472625732422,6145600
2.990447521209717,-1.3472309112548828,0.3333333432674408,20.97149085998535,22.614707946777344,6155200
0.02926674298942089,-1.347167730331421,0.0,-6.253725528717041,-7.571626663208008,6165600
1.8505399227142334,-1.348278522491455,0.0,28.075063705444336,28.57732582092285,6175200
0.005837193690240383,-1.3489971160888672,0.0,-2.8182995319366455,-4.161459445953369,6184800
0.8223088979721069,-1.3458514213562012,11.0,12.554661750793457,12.031118392944336,6194400
0.032960571348667145,-1.348279595375061,0.0,-6.693398952484131,-8.008718490600586,6204000
1.1129175424575806,-1.3485743999481201,0.0,10.764930725097656,10.529273986816406,6214400
0.04096056520938873,-1.3455616235733032,0.0,-5.865146160125732,-7.1697468757629395,6224800
0.007261679042130709,-1.3486601114273071,0.0,-0.5871268510818481,-1.9285252094268799,6234400
0.054263338446617126,-1.3470556735992432,0.0,-5.891115188598633,-7.183907508850098,6244000
0.7604237794876099,-1.347919225692749,0.25,6.336350440979004,5.748854637145996,6253600
0.017354585230350494,-1.347994089126587,0.0,-4.817574501037598,-6.148214340209961,6264000
0.02377205900847912,-1.348034381866455,0.5,-4.867836952209473,-6.192099094390869,6273600
0.013310928829014301,-1.3487060070037842,0.5,-4.634149074554443,-5.969544410705566,6283200
0.05437645688652992,-1.3480759859085083,0.20000000298023224,-4.508214473724365,-5.801913738250732,6293600
0.009731479920446873,-1.3481550216674805,0.0,-4.0577521324157715,-5.396175861358643,6303200
0.7410146594047546,-1.3483011722564697,0.0,5.316623210906982,4.709336280822754,6313600
0.030116412788629532,-1.347914695739746,0.0,-5.060290813446045,-6.37808895111084,6322400
0.08793124556541443,-1.347991704940796,11.0,-2.8841567039489746,-4.144217491149902,6332800
0.8822340965270996,-1.346978783607483,0.3333333432674408,7.230058193206787,6.765313625335693,6341600
0.019345128908753395,-1.3488132953643799,0.0,-6.37204122543335,-7.701509475708008,6351200
0.07906453311443329,-1.3473436832427979,1.0,-7.437626361846924,-8.70590591430664,6361600
0.01352098397910595,-1.3489376306533813,0.0,-3.843571424484253,-5.178987979888916,6371200
0.5300703048706055,-1.3487504720687866,5.5,8.724342346191406,7.9056620597839355,6380800
0.008663969114422798,-1.3486579656600952,0.0,-3.813419818878174,-5.153413772583008,6390400
0.8345264792442322,-1.348439335823059,0.0,7.345324993133545,6.831412315368652,6400000
0.02070145308971405,-1.3486711978912354,0.0,-6.005392074584961,-7.333361625671387,6409600
0.038515426218509674,-1.3478657007217407,0.0,-5.064054012298584,-6.373404026031494,6419200
0.021759292110800743,-1.3490185737609863,0.0,-6.314210414886475,-7.641469478607178,6429600
0.02321372739970684,-1.3466330766677856,0.0,-5.5368733406066895,-6.860292434692383,6439200
0.24359427392482758,-1.3474411964416504,5.5,2.262787342071533,1.158940315246582,6448800
0.023877885192632675,-1.3487449884414673,0.0,-3.5110132694244385,-4.835880279541016,6457600
0.5681337714195251,-1.3487896919250488,0.0,4.608005523681641,3.8273496627807617,6468000
0.021045753732323647,-1.3485499620437622,0.0,-4.508768558502197,-5.836272716522217,6477600
0.4258641302585602,-1.3488726615905762,5.5,2.548691749572754,1.625683307647705,6486400
0.4363436996936798,-1.3459768295288086,12.0,-2.904104471206665,-3.813737630844116,6496000
0.24499517679214478,-1.3464645147323608,5.5,0.6049844026565552,-0.4964849352836609,6505600
0.02347211353480816,-1.3477240800857544,0.0,-2.9409196376800537,-4.265171527862549,6515200
0.394726425409317,-1.3487452268600464,3.0,3.195969820022583,2.2419509887695312,6524800
0.020930437371134758,-1.3483260869979858,0.5,-4.090334892272949,-5.417730808258057,6534400
0.23148736357688904,-1.3488080501556396,0.0,-1.6725200414657593,-2.7898406982421875,6544000
0.0509934164583683,-1.347229242324829,0.1666666716337204,-6.696655750274658,-7.992891311645508,6553600
0.02735671028494835,-1.3484247922897339,0.0,-1.437809944152832,-2.758877992630005,6562400
0.02154943160712719,-1.3484481573104858,0.0,-4.274102210998535,-5.601001262664795,6572800
0.6253675222396851,-1.3482788801193237,5.5,7.36743688583374,6.644525527954102,6582400
0.046392589807510376,-1.347963571548462,0.0,-3.160708427429199,-4.462279319763184,6592000
0.09119663387537003,-1.3487108945846558,2.0,-6.001845836639404,-7.259360313415527,6601600
0.3252910077571869,-1.3484368324279785,11.0,2.8121864795684814,1.7890405654907227,6611200
0.023039476945996284,-1.3492144346237183,0.0,-5.334263324737549,-6.660438537597656,6621600
0.021926039829850197,-1.3487130403518677,0.0,-1.5006924867630005,-2.827479362487793,6630400
0.01998094469308853,-1.3492118120193481,1.0,-4.823304653167725,-6.152535438537598,6640800
0.01878446340560913,-1.3491795063018799,0.0,-4.438113212585449,-5.768507957458496,6649600
0.21354494988918304,-1.3490148782730103,6.5,3.666020154953003,2.530550003051758,6659200
0.034569188952445984,-1.3483222723007202,0.0,-3.793043613433838,-5.106796741485596,6668800
0.03918838873505592,-1.3488503694534302,0.0,-7.0507049560546875,-8.360366821289062,6677600
0.3872987627983093,-1.3489331007003784,3.6666667461395264,-0.33853620290756226,-1.3001705408096313,6688000
0.017163315787911415,-1.3491613864898682,0.0,-5.4920220375061035,-6.8240203857421875,6696800
0.011573291383683681,-1.3491864204406738,1.0,-2.6366281509399414,-3.974241256713867,6706400
0.020189318805933,-1.3481478691101074,0.0,-5.705626487731934,-7.033585071563721,6716000
0.3493857979774475,-1.348454236984253,5.5,-0.032436057925224304,-1.031504511833191,6725600
0.015848439186811447,-1.347809910774231,0.0,-5.575560092926025,-6.9075212478637695,6735200
0.013131849467754364,-1.3476876020431519,1.0,-4.840570449829102,-6.175126552581787,6744800
0.8123913407325745,-1.3475502729415894,0.5,8.435893058776855,7.900733947753906,6755200
0.27739015221595764,-1.347147822380066,11.0,-3.4438114166259766,-4.513568878173828,6764800
0.03070978634059429,-1.3472137451171875,0.5,-7.263789176940918,-8.580293655395508,6774400
0.26355332136154175,-1.3454786539077759,1.0,-1.9421762228012085,-3.024101734161377,6784000
0.030497219413518906,-1.3469053506851196,0.5,-7.214510440826416,-8.530919075012207,6793600
0.017824973911046982,-1.3470181226730347,0.0,-5.541274547576904,-6.870467662811279,6803200
1.380185604095459,-1.3460265398025513,2.0,10.280603408813477,10.314763069152832,6813600
0.037375181913375854,-1.3457962274551392,0.0,-4.5380048751831055,-5.846426010131836,6823200
0.02546500787138939,-1.3463919162750244,0.0,-6.575154781341553,-7.896081924438477,6832800
0.020883265882730484,-1.3466826677322388,0.0,-6.060173988342285,-7.3859734535217285,6842400
0.016233179718255997,-1.3466848134994507,0.3333333432674408,-5.159115314483643,-6.489567279815674,6852800
0.007278107572346926,-1.3474568128585815,0.0,-3.2865488529205322,-4.62672758102417,6861600
0.7137685418128967,-1.347153902053833,0.0,8.799725532531738,8.166340827941895,6871200
0.4765353798866272,-1.3470897674560547,0.0,0.4055390954017639,-0.4650152921676636,6880800
0.013644304126501083,-1.3474372625350952,0.0,-3.6617040634155273,-4.995497226715088,6890400
0.132798433303833,-1.3471897840499878,1.0,-4.193737030029297,-5.40812873840332,6900000
0.030974039807915688,-1.3464758396148682,0.0,-7.036693096160889,-8.352194786071777,6909600
0.011858350597321987,-1.3469663858413696,0.0,-4.995241165161133,-6.330348968505859,6919200
0.9920495748519897,-1.347232460975647,0.0,16.799346923828125,16.444164276123047,6928800
0.010329565033316612,-1.3472306728363037,0.5,-3.7009174823760986,-5.037818908691406,6938400
0.011913272552192211,-1.3472892045974731,0.0,-3.600985527038574,-4.936361312866211,6948000
1.0134679079055786,-1.3473910093307495,0.3333333432674408,14.485478401184082,14.151555061340332,6957600
0.5701608061790466,-1.3466318845748901,3.6666667461395264,3.80973744392395,3.033266067504883,6967200
2.2713210582733154,-1.3470289707183838,4.333333492279053,21.91305923461914,22.837350845336914,6976800
0.06358573585748672,-1.3462594747543335,0.0,-7.628078460693359,-8.910752296447754,6986400
0.0951218456029892,-1.3470474481582642,0.0,-10.709541320800781,-11.961467742919922,6996800
0.03264996036887169,-1.3477320671081543,0.5,-6.869509696960449,-8.184591293334961,7006400
1.6612179279327393,-1.3479796648025513,1.0,22.3891544342041,22.702392578125,7016000
0.4383574426174164,-1.3468681573867798,4.0,-0.5950632095336914,-1.5035738945007324,7026400
0.01765316165983677,-1.3480290174484253,0.0,-4.561798572540283,-5.89217472076416,7036000
0.49615657329559326,-1.3478655815124512,2.0,6.396601676940918,5.54489278793335,7045600
0.761218786239624,-1.347847580909729,0.0,3.204740285873413,2.6181116104125977,7054400
0.08664347231388092,-1.3473188877105713,0.0,-10.897201538085938,-12.157876968383789,7064000
1.062617540359497,-1.3463202714920044,5.5,13.959134101867676,13.675431251525879,7073600
0.11367203295230865,-1.3475515842437744,0.0,-3.8807666301727295,-5.114645957946777,7084000
0.027027549222111702,-1.3480100631713867,0.6666666865348816,-6.717150688171387,-8.03813362121582,7092800
1.0794732570648193,-1.347841739654541,0.0,11.319397926330566,11.051029205322266,7103200
0.4338570833206177,-1.3479620218276978,4.0,0.9241379499435425,0.010033011436462402,7112800
0.02701118029654026,-1.348137378692627,0.0,-6.302658557891846,-7.62378454208374,7122400
0.7274509072303772,-1.3487156629562378,1.0,5.324350833892822,4.703085899353027,7131200
0.019187016412615776,-1.3487513065338135,0.0,-6.045577526092529,-7.3751420974731445,7141600
0.8248172402381897,-1.348871111869812,0.0,11.23374080657959,10.709687232971191,7151200
0.8886745572090149,-1.3486411571502686,0.0,10.266012191772461,9.806045532226562,7160000
0.6238812804222107,-1.3480472564697266,0.0,0.8010912537574768,0.07692527770996094,7169600
1.0613083839416504,-1.347037672996521,6.0,15.268890380859375,14.983160972595215,7180000
0.29451823234558105,-1.3483166694641113,3.6666667461395264,2.645379066467285,1.5915806293487549,7188800
0.03743893280625343,-1.3477295637130737,0.0,-6.7188591957092285,-8.029150009155273,7199200
0.0552603043615818,-1.347797155380249,0.0,-8.233259201049805,-9.525795936584473,7208800
0.4775637090206146,-1.3480257987976074,1.0,1.0972191095352173,0.22675704956054688,7218400
0.5157902836799622,-1.3479703664779663,2.4000000953674316,5.227855205535889,4.395675182342529,7228000
0.4245032072067261,-1.3484563827514648,0.5,-2.054978132247925,-2.978931427001953,7237600
0.9158157110214233,-1.3484946489334106,1.0,6.85452127456665,6.421842575073242,7247200
0.0340118370950222,-1.348482370376587,0.0,-7.161693096160889,-8.476163864135742,7256800
0.02910754084587097,-1.348238468170166,0.0,-5.876233100891113,-7.195363998413086,7266400
0.49224647879600525,-1.348188042640686,3.6666667461395264,2.3622922897338867,1.5063506364822388,7276000
1.5816103219985962,-1.348449945449829,3.25,20.887170791625977,21.120330810546875,7285600
0.012677852995693684,-1.3480422496795654,0.0,-3.56872296333313,-4.904087066650391,7295200
0.016228603199124336,-1.3487130403518677,0.0,-5.718959331512451,-7.051443576812744,7304800
0.011969152837991714,-1.3480753898620605,0.0,-3.5842361450195312,-4.920342445373535,7314400
0.2551223039627075,-1.3474444150924683,3.0,-2.308811664581299,-3.4011340141296387,7323200
0.012820635922253132,-1.347814917564392,0.0,-3.6350200176239014,-4.9700140953063965,7332800
0.03088333085179329,-1.3453119993209839,0.0,-3.8109359741210938,-5.125364780426025,7343200
1.4793199300765991,-1.3472330570220947,5.5,21.582469940185547,21.714557647705078,7352000
0.03573346510529518,-1.3472439050674438,0.25,-6.388359069824219,-7.699869155883789,7361600
0.8474411368370056,-1.3469326496124268,1.0,6.155652046203613,5.656160354614258,7371200
0.8275736570358276,-1.3456696271896362,2.5999999046325684,5.150598049163818,4.63250207901001,7380000
0.029696691781282425,-1.346962571144104,0.5,-7.709194660186768,-9.026460647583008,7388800
0.07639165967702866,-1.3436038494110107,0.0,-6.009126663208008,-7.276338577270508,7398400
0.056163955479860306,-1.3438441753387451,0.0,-7.881542205810547,-9.169222831726074,7408000
0.02714644744992256,-1.3449511528015137,0.3333333432674408,-5.499866008758545,-6.817670822143555,7417600
0.012858974747359753,-1.3465527296066284,0.0,-4.123006343841553,-5.456700325012207,7426400
0.6874876618385315,-1.3459452390670776,5.5,5.440140247344971,4.78168249130249,7435200
0.022766826674342155,-1.3457896709442139,0.0,-5.147536754608154,-6.470560073852539,7444800
0.9127619862556458,-1.3444489240646362,0.0,11.487505912780762,11.055818557739258,7454400
0.02055802382528782,-1.3448481559753418,0.0,-5.130520343780518,-6.454810619354248,7464000
0.6107648015022278,-1.3447145223617554,4.333333492279053,5.916300296783447,5.1823506355285645,7473600
0.5807408094406128,-1.3451199531555176,11.0,6.5853142738342285,5.820935249328613,7483200
0.5586182475090027,-1.3456779718399048,0.0,1.9238793849945068,1.1368197202682495,7492800
1.0268348455429077,-1.3459528684616089,1.0,12.202248573303223,11.883130073547363,7501600
0.9030231833457947,-1.345700979232788,5.5,9.29931640625,8.856637954711914,7511200
0.8721697330474854,-1.3459043502807617,0.0,6.916369915008545,6.442635536193848,7520800
0.03708906099200249,-1.3459118604660034,0.0,-6.339903354644775,-7.648726463317871,7529600
0.4908086955547333,-1.3439003229141235,5.5,5.19922399520874,4.346132278442383,7539200
0.3999547064304352,-1.3468995094299316,2.200000047683716,5.49314022064209,4.5461955070495605,7548000
1.1189788579940796,-1.340444803237915,4.599999904632568,15.701216697692871,15.479751586914062,7557600
0.5635561943054199,-1.3457003831863403,0.0,0.3203040063381195,-0.4618401527404785,7566400
1.2141565084457397,-1.346254587173462,0.0,15.626028060913086,15.49393081665039,7576000
0.28066614270210266,-1.3441452980041504,11.0,0.1601812243461609,-0.9032979011535645,7584800
0.8633594512939453,-1.3471934795379639,0.0,8.647828102111816,8.163993835449219,7594400
0.5940353274345398,-1.347278356552124,0.0,1.657233715057373,0.9039907455444336,7603200
0.7265023589134216,-1.3468645811080933,0.25,3.86407208442688,3.2437095642089844,7612000
0.029538702219724655,-1.346613883972168,0.0,-6.581161022186279,-7.898236274719238,7621600
1.1512253284454346,-1.34662926197052,0.0,13.397501945495605,13.20209789276123,7631200
0.053786639124155045,-1.3445899486541748,0.0,-8.125646591186523,-9.416450500488281,7640800
0.01147277932614088,-1.3471834659576416,0.0,-3.903947353363037,-5.239658355712891,7649600
0.28947368264198303,-1.3463764190673828,0.0,-1.8680939674377441,-2.924996852874756,7659200
0.07641186565160751,-1.346415400505066,11.0,-3.4305641651153564,-4.700567722320557,7668800
0.06190979480743408,-1.3475724458694458,2.0,-4.1920390129089355,-5.477701663970947,7677600
0.011291204020380974,-1.3471872806549072,0.0,-4.026465892791748,-5.362361907958984,7687200
0.04239807650446892,-1.343408226966858,0.0,-5.5515642166137695,-6.852574348449707,7696000
0.48143166303634644,-1.3425785303115845,2.75,4.0071492195129395,3.1460022926330566,7705600
0.03344282880425453,-1.3446515798568726,0.6666666865348816,-6.512945175170898,-7.824153900146484,7714400
1.0702966451644897,-1.3427484035491943,0.0,11.07531452178955,10.802862167358398,7724000
0.048392415046691895,-1.3463371992111206,0.0,-7.334135055541992,-8.632080078125,7733600
0.7338977456092834,-1.3471202850341797,0.0,6.752139091491699,6.138916492462158,7742400
0.026399051770567894,-1.347921371459961,0.0,-6.7209391593933105,-8.042461395263672,7752000
0.01475891750305891,-1.3482879400253296,0.0,-5.240978717803955,-6.574507713317871,7760800
0.1645951122045517,-1.3464562892913818,2.200000047683716,-5.184089660644531,-6.365950584411621,7769600
0.04925987869501114,-1.3460203409194946,1.5,-2.7302534580230713,-4.027013778686523,7779200
0.39746972918510437,-1.3463685512542725,5.5,5.495872974395752,4.546974182128906,7788000
0.030701663345098495,-1.3476252555847168,0.0,-5.1327972412109375,-6.449720859527588,7797600
0.01740376651287079,-1.347717046737671,0.0,-4.595463275909424,-5.925776481628418,7806400
0.00675263861194253,-1.3493576049804688,0.5,-3.5017640590667725,-4.844368934631348,7815200
0.02229473739862442,-1.3489948511123657,0.0,-3.865018129348755,-5.191718101501465,7824800
0.017596453428268433,-1.3481671810150146,0.0,-3.985776901245117,-5.316347599029541,7833600
0.03866890072822571,-1.3480033874511719,0.0,-6.331927299499512,-7.641261577606201,7842400
0.2938685715198517,-1.3481595516204834,4.0,-0.4222002923488617,-1.4764912128448486,7852000
0.5299013257026672,-1.347508192062378,5.5,12.219684600830078,11.402077674865723,7860800
0.11505314707756042,-1.3467986583709717,0.5,-9.664493560791016,-10.896239280700684,7869600
0.014850209467113018,-1.3489608764648438,0.0,-5.2866291999816895,-6.620739936828613,7879200
0.8918957710266113,-1.3489662408828735,0.5,6.3986945152282715,5.941624164581299,7888000
0.036879319697618484,-1.3478307723999023,0.0,-5.5092339515686035,-6.82018518447876,7897600
0.008899526670575142,-1.348795771598816,0.0,-3.21140193939209,-4.551298141479492,7906400
0.032333310693502426,-1.3493213653564453,0.125,-7.391915321350098,-8.708903312683105,7916000
0.6993935108184814,-1.3489654064178467,2.5999999046325684,3.183715581893921,2.5341436862945557,7924800
0.2561701834201813,-1.347141981124878,3.0,-1.312334656715393,-2.403306484222412,7933600
0.9018543362617493,-1.346496343612671,0.0,8.752436637878418,8.307794570922852,7943200
1.1416387557983398,-1.3490368127822876,0.20000000298023224,6.477145195007324,6.269747257232666,7952000
0.05675455927848816,-1.3483281135559082,0.5,-7.368980884552002,-8.660554885864258,7961600
0.02525242231786251,-1.3492411375045776,0.3333333432674408,-6.708217144012451,-8.032205581665039,7970400
0.09957025200128555,-1.347053050994873,0.0,-6.821097373962402,-8.068580627441406,7980000
0.21503399312496185,-1.3484889268875122,0.5,-4.818263530731201,-5.951718330383301,7988800
0.0317067950963974,-1.3499619960784912,1.0,-7.869537830352783,-9.187792778015137,7997600
0.07714894413948059,-1.3480366468429565,0.0,-8.792680740356445,-10.063568115234375,8007200
0.08317321538925171,-1.3460596799850464,0.0,-4.807228088378906,-6.070114612579346,8016000
0.4208340346813202,-1.345178484916687,0.0,-2.464042901992798,-3.3883872032165527,8024800
0.10003572702407837,-1.3454598188400269,0.3333333432674408,-9.698417663574219,-10.943841934204102,8034400
0.5355349183082581,-1.3458137512207031,2.75,-5.775529861450195,-6.585808753967285,8043200
0.6800410747528076,-1.3490575551986694,0.3333333432674408,2.6360092163085938,1.966992735862732,8052800
0.49552780389785767,-1.3492027521133423,1.0,1.0284725427627563,0.1747976541519165,8061600
0.01785481721162796,-1.3492480516433716,0.0,-5.638779163360596,-6.97017240524292,8071200
0.2270898073911667,-1.3483593463897705,1.0,-2.1685190200805664,-3.2897887229919434,8080000
0.06028955429792404,-1.3461812734603882,0.0,-6.788832664489746,-8.074724197387695,8089600
0.7262027859687805,-1.3462796211242676,2.75,6.745723724365234,6.125647068023682,8098400
0.12395883351564407,-1.3450472354888916,0.0,-8.911846160888672,-10.1329345703125,8108000
0.8008924722671509,-1.3458181619644165,4.400000095367432,6.855121612548828,6.3101959228515625,8116800
0.01845693215727806,-1.3486605882644653,0.0,-6.392853736877441,-7.723057270050049,8126400
0.9661216735839844,-1.3457385301589966,6.0,12.10076904296875,11.721152305603027,8135200
0.12312319129705429,-1.3436613082885742,0.3333333432674408,-11.715585708618164,-12.936123847961426,8144800
0.039112988859415054,-1.3445106744766235,0.0,-3.1423964500427246,-4.447793960571289,8153600
0.4272302985191345,-1.3468660116195679,3.0,0.3554902970790863,-0.5641454458236694,8163200
0.05796262249350548,-1.3467297554016113,0.0,-8.468412399291992,-9.757179260253906,8172000
0.027223030105233192,-1.3466346263885498,0.0,-5.797799110412598,-7.117210388183594,8181600
0.03281380981206894,-1.3481298685073853,0.5,-6.632516384124756,-7.947832107543945,8191200
0.03338601812720299,-1.3470771312713623,0.0,-6.699069976806641,-8.012761116027832,8200000
0.8619998693466187,-1.3479207754135132,0.0,8.26030158996582,7.774380207061768,8209600
0.02861061505973339,-1.3471763134002686,0.0,-4.511974334716797,-5.830539703369141,8218400
0.01487261988222599,-1.3482357263565063,0.0,-5.701931953430176,-7.035295009613037,8227200
1.9489264488220215,-1.3451282978057861,11.0,26.615516662597656,27.219314575195312,8236800
0.012413708493113518,-1.347505807876587,0.0,-4.545556545257568,-5.880648612976074,8245600
0.049809232354164124,-1.3452553749084473,0.3333333432674408,-8.040513038635254,-9.335958480834961,8254400
0.2796742916107178,-1.3477802276611328,2.200000047683716,-1.7761956453323364,-2.844301700592041,8263200
0.009036071598529816,-1.346701741218567,0.0,-3.863774061203003,-5.20143985748291,8272800
1.0031628608703613,-1.3468345403671265,0.5,9.288846969604492,8.945175170898438,8281600
0.03282046690583229,-1.3459664583206177,0.0,-6.223743438720703,-7.53688907623291,8291200
0.04441794753074646,-1.3460952043533325,0.5,-6.755820274353027,-8.05749797821045,8300000
0.029762623831629753,-1.3471219539642334,0.0,-5.139196395874023,-6.456555366516113,8309600
0.0209193155169487,-1.3475215435028076,0.20000000298023224,-5.612551212310791,-6.939153671264648,8318400
0.046986356377601624,-1.3459314107894897,0.0,-7.38533353805542,-8.68427848815918,8327200
0.04443388432264328,-1.346182942390442,0.0,-8.20488452911377,-9.506633758544922,8336800
0.38975104689598083,-1.3449578285217285,3.6666667461395264,-5.177966117858887,-6.133172988891602,8345600
0.023845398798584938,-1.3471320867538452,0.0,-6.7778191566467285,-8.101105690002441,8355200
1.3074907064437866,-1.3459020853042603,2.200000047683716,10.65379810333252,10.615386009216309,8364000
0.032602135092020035,-1.3469480276107788,0.0,-7.650216579437256,-8.96456241607666,8373600
0.0180576890707016,-1.3464323282241821,0.0,-3.9529755115509033,-5.281350135803223,8382400
0.11103881150484085,-1.3472758531570435,1.8333333730697632,-5.579514503479004,-6.815751552581787,8391200
0.7732435464859009,-1.347333550453186,4.0,6.304415225982666,5.730325222015381,8400800
0.01640387997031212,-1.3484050035476685,1.0,-5.763605117797852,-7.095606327056885,8409600
0.7755207419395447,-1.3467366695404053,1.5,9.67227554321289,9.101058959960938,8418400
1.1127983331680298,-1.3471057415008545,0.5,5.820357799530029,5.586050033569336,8428000
0.028207087889313698,-1.3461263179779053,0.5,-5.0295796394348145,-6.347498893737793,8436800
0.02143952250480652,-1.347575068473816,0.0,-5.547516345977783,-6.87365198135376,8446400
0.03041393682360649,-1.348018765449524,0.0,-7.55883264541626,-8.876437187194824,8455200
0.032348424196243286,-1.345113754272461,0.0,-5.6734209060668945,-6.9861860275268555,8464000
0.054410357028245926,-1.3442507982254028,0.0,-7.919680595397949,-9.209521293640137,8473600
0.02745920605957508,-1.3459246158599854,0.0,-6.119505405426025,-7.437971115112305,8482400
0.7554064393043518,-1.3471485376358032,0.0,7.314968109130859,6.723226070404053,8491200
0.013321468606591225,-1.3474011421203613,0.0,-5.248790264129639,-6.582870006561279,8500800
0.05188059061765671,-1.345053791999817,0.0,-7.8431715965271,-9.136344909667969,8509600
0.024887459352612495,-1.3458300828933716,0.0,-5.690165042877197,-7.011107444763184,8518400
0.049211978912353516,-1.3448796272277832,0.0,-7.210336685180664,-8.506004333496094,8528000
0.01547554787248373,-1.3466483354568481,0.5,-5.086097240447998,-6.417269706726074,8536800
0.054489102214574814,-1.3435834646224976,0.0,-6.62912654876709,-7.9182209968566895,8545600
0.22046896815299988,-1.3468551635742188,0.0,-0.9736265540122986,-2.10001277923584,8555200
0.013727858662605286,-1.3461167812347412,0.0,-4.676795959472656,-6.009184837341309,8564800
0.017963888123631477,-1.346946120262146,0.0,-4.784499168395996,-6.113481521606445,8573600
0.010621357709169388,-1.347293496131897,0.0,-3.0987987518310547,-4.435471057891846,8582400
0.008627812378108501,-1.3473564386367798,0.0,-4.246416091918945,-5.585144519805908,8592000
0.03553488478064537,-1.344528317451477,0.0,-6.584847927093506,-7.89384126663208,8600800
0.01018540933728218,-1.3467543125152588,0.0,-4.190708160400391,-5.527276992797852,8610400
0.07570695132017136,-1.3439000844955444,0.0,-8.156221389770508,-9.42441463470459,8620000
0.03228503838181496,-1.3450837135314941,0.0,-4.314557075500488,-5.627355575561523,8628800
0.62171471118927,-1.3445587158203125,3.6666667461395264,6.979147911071777,6.256303787231445,8637600
1.2169286012649536,-1.3438732624053955,0.0,12.13949203491211,12.012547492980957,8647200
0.15638573467731476,-1.3456629514694214,0.0,-3.210348129272461,-4.399625301361084,8656000
0.026192041113972664,-1.3453021049499512,0.0,-5.967599391937256,-7.286709308624268,8665600
0.3021009862422943,-1.3426717519760132,0.0,-3.6193833351135254,-4.659954071044922,8674400
0.02580876275897026,-1.3470194339752197,0.0,-5.560483455657959,-6.8816938400268555,8684000
0.03521398454904556,-1.3465960025787354,0.0,-6.052107334136963,-7.363489151000977,8692800
0.22685128450393677,-1.3455387353897095,3.6666667461395264,-2.5648367404937744,-3.6835241317749023,8702400
1.1067050695419312,-1.3453679084777832,0.25,8.59848403930664,8.359821319580078,8711200
1.3220794200897217,-1.3416569232940674,7.333333492279053,17.28228187561035,17.26270294189453,8720000
1.1025333404541016,-1.346171259880066,1.0,9.76711368560791,9.523475646972656,8729600
0.015484319068491459,-1.3464425802230835,0.0,-5.006998062133789,-6.337956428527832,8739200
0.020532503724098206,-1.3468854427337646,0.0,-4.026309967041016,-5.352663040161133,8748000
0.0693235695362091,-1.3442219495773315,0.0,-7.0395402908325195,-8.314438819885254,8756800
0.7951855659484863,-1.3424100875854492,5.5,16.2352294921875,15.688004493713379,8766400
0.5841740369796753,-1.343469500541687,5.5,1.5329521894454956,0.7736567258834839,8775200
0.06925535202026367,-1.345076084136963,0.0,-8.218928337097168,-9.494749069213867,8784800
0.5581339001655579,-1.3438739776611328,1.0,2.1196343898773193,1.3338942527770996,8793600
0.03373528644442558,-1.347214937210083,0.0,-5.3395280838012695,-6.653007507324219,8802400
0.00865224003791809,-1.3479969501495361,0.3333333432674408,-4.081672668457031,-5.421017646789551,8812000
1.5200384855270386,-1.3450514078140259,3.6666667461395264,21.9184513092041,22.09343910217285,8820800
1.1797186136245728,-1.3438754081726074,0.6666666865348816,16.869876861572266,16.705718994140625,8829600
0.03453876078128815,-1.346722960472107,0.0,-6.152329921722412,-7.464514255523682,8838400
0.39881032705307007,-1.3432471752166748,5.5,3.3145034313201904,2.3700666427612305,8848000
0.9623515605926514,-1.3449676036834717,5.5,14.19489860534668,13.81228256225586,8856800
0.04420548304915428,-1.346184253692627,0.0,-6.114010334014893,-7.415988922119141,8865600
0.4724956750869751,-1.3441712856292725,2.75,3.790630340576172,2.918954610824585,8875200
1.4123570919036865,-1.3472334146499634,0.0,16.302488327026367,16.367612838745117,8884000
0.07666993886232376,-1.344513177871704,1.0,-8.256741523742676,-9.524584770202637,8893600
0.09594715386629105,-1.3440688848495483,0.6666666865348816,-8.459329605102539,-9.707450866699219,8902400
0.03659684211015701,-1.3472447395324707,0.0,-6.952974796295166,-8.263622283935547,8912000
0.06879167258739471,-1.345098853111267,0.0,-5.160486221313477,-6.436793327331543,8920800
0.37806132435798645,-1.3445335626602173,5.5,3.3811795711517334,2.4147071838378906,8929600
0.7603038549423218,-1.3477587699890137,0.3333333432674408,5.280506610870361,4.693051815032959,8939200
1.1928400993347168,-1.3482024669647217,0.0,14.024145126342773,13.868782997131348,8948000
0.035045258700847626,-1.34457528591156,0.25,-3.8512067794799805,-5.160737037658691,8956800
0.4119632840156555,-1.3439342975616455,2.75,-1.2183058261871338,-2.1502768993377686,8966400
1.8248480558395386,-1.3463077545166016,11.0,29.671796798706055,30.15033721923828,8975200
0.022189397364854813,-1.3457578420639038,0.0,-4.981930255889893,-6.3054986000061035,8984800
0.009201579727232456,-1.3476804494857788,0.0,-3.128002405166626,-4.4664812088012695,8993600
0.017381001263856888,-1.3481816053390503,0.0,-4.319955825805664,-5.650756359100342,9003200
0.018722746521234512,-1.3462395668029785,0.0,-4.043674468994141,-5.371191501617432,9012000
1.3490842580795288,-1.3430777788162231,2.200000047683716,5.839970111846924,5.845976829528809,9021600
0.9378992915153503,-1.3473597764968872,0.0,9.731694221496582,9.322234153747559,9030400
0.008428890258073807,-1.3481695652008057,0.0,-4.050827503204346,-5.390567779541016,9039200
0.011368638835847378,-1.3481332063674927,0.0,-2.6143569946289062,-3.9511213302612305,9048800
0.02339356206357479,-1.3468060493469238,0.0,-4.467536926269531,-5.79094934463501,9057600
0.5076271295547485,-1.3436024188995361,3.6666667461395264,2.24881911277771,1.412843942642212,9066400
0.6431463956832886,-1.3439102172851562,5.5,2.980555534362793,2.279791831970215,9076000
0.04576517641544342,-1.3443652391433716,0.6666666865348816,-3.020577907562256,-4.319178104400635,9084800
1.5115001201629639,-1.3455437421798706,5.5,20.45842933654785,20.624385833740234,9093600
0.015082079917192459,-1.3460142612457275,0.0,-3.9122917652130127,-5.243224143981934,9103200
0.0739310160279274,-1.3464738130569458,0.0,-6.539121150970459,-7.811663627624512,9112000
1.049696922302246,-1.3460897207260132,0.0,12.796567916870117,12.500175476074219,9121600
0.7842406034469604,-1.3474019765853882,1.0,5.922443866729736,5.359282493591309,9131200
1.3629614114761353,-1.344460368156433,7.333333492279053,19.657564163208008,19.67606544494629,9140000
0.02153834141790867,-1.3468916416168213,0.0,-3.6069998741149902,-4.9323530197143555,9148800
0.800463080406189,-1.346337080001831,1.0,2.5122287273406982,1.9663546085357666,9158400
0.045033082365989685,-1.3437230587005615,0.0,-4.879467964172363,-6.178157806396484,9167200
1.1509671211242676,-1.347948431968689,0.0,13.652714729309082,13.455734252929688,9176800
0.013964472338557243,-1.3485862016677856,0.0,-4.155431270599365,-5.490052700042725,9185600
0.013991962186992168,-1.3485172986984253,0.0,-2.928473472595215,-4.262998580932617,9195200
0.04075949266552925,-1.3466684818267822,0.0,-4.129123210906982,-5.435031890869141,9204000
0.0745190903544426,-1.3456389904022217,0.0,-4.069770812988281,-5.340890884399414,9212800
1.0992995500564575,-1.3430336713790894,1.0,7.205204963684082,6.961470603942871,9222400
0.021098032593727112,-1.3480693101882935,0.0,-5.815816879272461,-7.142787933349609,9232000
0.6185950636863708,-1.342017650604248,3.6666667461395264,5.753190040588379,5.0297675132751465,9240800
0.04402649775147438,-1.344159722328186,1.0,-7.942144870758057,-9.242278099060059,9250400
0.329524427652359,-1.3449677228927612,0.0,0.3433656394481659,-0.6720776557922363,9259200
0.07193921506404877,-1.3464384078979492,0.0,-8.024754524230957,-9.299253463745117,9268800
0.020017748698592186,-1.348459005355835,0.0,-6.112002372741699,-7.440443992614746,9277600
0.508270263671875,-1.3451532125473022,5.5,4.605320453643799,3.768437385559082,9287200
0.05576453357934952,-1.3471354246139526,0.3333333432674408,-9.335088729858398,-10.626460075378418,9296000
0.055270008742809296,-1.3458184003829956,0.0,-8.203386306762695,-9.493934631347656,9304800
0.0310292299836874,-1.3476431369781494,0.5,-6.172807693481445,-7.489421844482422,9314400
0.05320359766483307,-1.345308542251587,0.0,-7.299266815185547,-8.591371536254883,9323200
0.035518206655979156,-1.346976399421692,0.0,-5.761906147003174,-7.0733642578125,9332000
0.22967661917209625,-1.343579649925232,0.25,-7.323904514312744,-8.437807083129883,9341600
1.0234054327011108,-1.346540927886963,0.0,10.70437240600586,10.381237030029297,9350400
0.07418488711118698,-1.3463685512542725,0.0,-7.193880558013916,-8.466064453125,9360000
0.3837849497795105,-1.3479593992233276,0.0,-2.1736793518066406,-3.1378536224365234,9368800
0.027168313041329384,-1.3482836484909058,0.0,-7.6292405128479,-8.950355529785156,9378400
0.0587908998131752,-1.3464263677597046,0.0,-5.7204437255859375,-7.008079528808594,9387200
1.0914430618286133,-1.3475183248519897,0.0,6.9919586181640625,6.7358832359313965,9396000
0.6575897336006165,-1.3444358110427856,0.0,0.9368983507156372,0.2500523328781128,9405600
1.0426961183547974,-1.3477134704589844,0.0,9.425996780395508,9.120979309082031,9414400
0.01814769208431244,-1.3490594625473022,0.0,-5.415738582611084,-6.746650695800781,9423200
0.9671379327774048,-1.343555212020874,0.0,6.969032287597656,6.592615127563477,9432800
0.08540606498718262,-1.3418917655944824,0.0,-10.065564155578613,-11.322050094604492,9441600
0.019585609436035156,-1.3474723100662231,0.0,-4.415872573852539,-5.7437591552734375,9451200
1.2352737188339233,-1.348331093788147,0.0,15.311322212219238,15.198265075683594,9460000
0.05254657194018364,-1.34763765335083,0.0,-7.473603248596191,-8.768693923950195,9468800
0.02921886369585991,-1.348769187927246,0.0,-6.419787406921387,-7.739337921142578,9478400
0.6175893545150757,-1.3438595533370972,5.5,6.41392183303833,5.687651634216309,9488000
0.10862259566783905,-1.3432605266571045,0.0,-10.589323043823242,-11.82396125793457,9496800
0.05743759125471115,-1.3459303379058838,0.0,-6.830789566040039,-8.119282722473145,9506400
0.027600836008787155,-1.3464436531066895,0.0,-6.097380638122559,-7.416223526000977,9515200
0.46668338775634766,-1.344865083694458,0.0,2.4843785762786865,1.6061968803405762,9524800
0.01724293828010559,-1.3479074239730835,0.0,-4.84099817276001,-6.1716628074646,9533600
0.09280578792095184,-1.3483927249908447,6.5,-3.1481995582580566,-4.403786659240723,9542400
0.5466046333312988,-1.3433979749679565,3.6666667461395264,-1.2557947635650635,-2.0525879859924316,9552000
0.015177218243479729,-1.3480387926101685,0.0,-4.496098518371582,-5.828959941864014,9560800
0.05047117918729782,-1.346092700958252,0.0,-5.958212375640869,-7.253833770751953,9569600
0.04422340169548988,-1.34452223777771,0.0,-5.622617244720459,-6.922916412353516,9578400
0.13530652225017548,-1.3425867557525635,1.0,-10.143168449401855,-11.350448608398438,9588000
0.43285444378852844,-1.3458346128463745,0.5,-4.592738151550293,-5.505718231201172,9597600
0.49492689967155457,-1.348434567451477,0.0,3.310445547103882,2.456937789916992,9606400
0.013056457042694092,-1.3474687337875366,0.0,-3.5067827701568604,-4.841195106506348,9616000
0.03705662488937378,-1.3443174362182617,0.0,-5.5297136306762695,-6.836974620819092,9624800
0.46040502190589905,-1.3481178283691406,0.0,1.70123291015625,0.8135201930999756,9634400
0.009941530413925648,-1.347907543182373,0.0,-3.9344863891601562,-5.272452354431152,9643200
0.01232807245105505,-1.348677158355713,0.0,-4.470157146453857,-5.806506156921387,9652000
0.03624380752444267,-1.348103404045105,0.0,-6.720037937164307,-8.03189754486084,9661600
0.0325472354888916,-1.3465838432312012,0.0,-7.006155014038086,-8.320192337036133,9670400
0.016435010358691216,-1.3485103845596313,0.0,-5.452118396759033,-6.784193515777588,9680000
0.08173957467079163,-1.3465557098388672,1.0,-7.421368598937988,-8.686184883117676,9689600
0.05478889122605324,-1.3469575643539429,0.0,-6.813307762145996,-8.105476379394531,9698400
0.0955110713839531,-1.3460890054702759,0.5,-10.342177391052246,-11.592755317687988,9708000
0.46206364035606384,-1.3474047183990479,0.0,1.1280930042266846,0.24275195598602295,9717600
1.1460741758346558,-1.3474061489105225,0.0,11.629002571105957,11.4276704788208,9726400
1.28804349899292,-1.3473942279815674,0.0,13.85496997833252,13.795619010925293,9735200
0.04681413993239403,-1.3477052450180054,0.25,-7.711767673492432,-9.012659072875977,9744800
1.079715371131897,-1.3464596271514893,5.5,9.24378490447998,8.977041244506836,9753600
0.023794692009687424,-1.3489253520965576,0.0,-5.028136253356934,-6.353266716003418,9763200
0.021055174991488457,-1.3480552434921265,0.0,-5.4941182136535645,-6.821118354797363,9772000
4.250411510467529,-1.34666109085083,0.0,32.866722106933594,35.77047348022461,9781600
0.018977828323841095,-1.3480695486068726,0.0,-5.992432117462158,-7.321524143218994,9790400
0.03955506160855293,-1.3458812236785889,1.0,-6.314508438110352,-7.6208343505859375,9799200
1.2637678384780884,-1.3463178873062134,0.0,13.335428237915039,13.252878189086914,9808800
0.28839004039764404,-1.3453128337860107,0.0,-0.6064037680625916,-1.6633265018463135,9817600
0.42113450169563293,-1.346710443496704,6.0,-3.929961919784546,-4.8555378913879395,9827200
1.2121483087539673,-1.3451403379440308,0.0,13.687929153442383,13.554937362670898,9836000
0.018251869827508926,-1.3484165668487549,0.5,-5.55030632019043,-6.880471229553223,9845600
1.159550666809082,-1.348301649093628,0.6666666865348816,12.402053833007812,12.213302612304688,9854400
0.09819978475570679,-1.3434747457504272,0.0,-4.399875640869141,-5.645150661468506,9864000
0.021520785987377167,-1.3475706577301025,0.0,-5.695775985717773,-7.021825790405273,9872800
0.051290154457092285,-1.3442264795303345,0.3333333432674408,-6.61769437789917,-7.910630702972412,9882400
0.01964614912867546,-1.3481577634811401,0.0,-6.059113025665283,-7.387624740600586,9892000
0.535354733467102,-1.3480379581451416,3.6666667461395264,2.703019142150879,1.8903357982635498,9900800
0.05098164081573486,-1.344794750213623,0.0,-3.7960000038146973,-5.089813232421875,9909600
0.8867214322090149,-1.3440452814102173,3.6666667461395264,7.0645647048950195,6.607241153717041,9919200
1.7482490539550781,-1.3479853868484497,0.0,20.58842658996582,20.988689422607422,9928000
0.028840839862823486,-1.3455082178115845,0.0,-5.386671543121338,-6.703338623046875,9937600
0.07082965224981308,-1.3421834707260132,0.0,-7.100356101989746,-8.371709823608398,9946400
0.8836939334869385,-1.3476550579071045,3.25,10.796606063842773,10.33264446258545,9955200
0.04116842895746231,-1.3465667963027954,0.1666666716337204,-5.028768062591553,-6.334166526794434,9964800
0.032786834985017776,-1.348612904548645,0.0,-7.157824516296387,-8.473650932312012,9973600
0.02354401908814907,-1.3480521440505981,0.0,-4.573114395141602,-5.897622585296631,9983200
0.014567933976650238,-1.349278211593628,0.0,-5.343870162963867,-6.678580284118652,9992000
0.09891453385353088,-1.3417842388153076,0.5,-9.65714168548584,-10.900012016296387,10001600
