baseline_loss,entropy_loss,mean_episode_return,pg_loss,total_loss,frame
6.157414463814348e-05,-0.005268624518066645,0.0,0.036622077226638794,0.031415026634931564,1600
0.14861924946308136,-0.00011209498188691214,0.0,-0.0001309849467361346,0.14837616682052612,9600
121.84436798095703,-0.0010080690262839198,0.0,-0.02219485118985176,121.8211669921875,20800
75.17535400390625,-0.08238717913627625,0.0,0.8239396810531616,75.91690063476562,31200
6.840555667877197,-0.11588692665100098,0.0,-1.0355620384216309,5.6891069412231445,41600
0.2548670768737793,-0.6429890394210815,0.0,-0.2182498425245285,-0.6063718199729919,52800
0.15685990452766418,-1.2168329954147339,0.0,0.6981271505355835,-0.3618459701538086,63200
0.45684340596199036,-1.0346667766571045,0.0,-0.2901013493537903,-0.867924690246582,74400
0.4725880026817322,-1.1576756238937378,0.0,1.4519180059432983,0.766830325126648,84800
0.45816633105278015,-0.8696339726448059,0.0,1.6720144748687744,1.2605469226837158,96000
0.6816801428794861,-0.925119936466217,0.0,0.9564811587333679,0.713041365146637,106400
0.5335311889648438,-1.1644423007965088,0.0,3.622546672821045,2.99163556098938,116800
0.2732509970664978,-1.0609642267227173,0.0,-2.503002643585205,-3.2907156944274902,128000
0.8367284536361694,-1.1089063882827759,0.6666666865348816,3.743598461151123,3.4714207649230957,139200
0.6115753650665283,-1.2016633749008179,0.0,0.6580522656440735,0.06796419620513916,149600
0.5480347275733948,-1.2114624977111816,0.0,0.21994256973266602,-0.44348520040512085,160000
0.06991171091794968,-1.3000049591064453,0.0,0.0009276168420910835,-1.2291656732559204,171200
0.11868328601121902,-1.2952003479003906,0.0,-2.665733814239502,-3.8422508239746094,182400
0.3774930238723755,-1.2953933477401733,6.0,3.7801411151885986,2.862240791320801,192800
0.17777271568775177,-1.3111720085144043,5.5,-0.4220575988292694,-1.5554568767547607,203200
0.1403534710407257,-1.3227593898773193,0.0,0.34207814931869507,-0.8403277397155762,214400
0.040032170712947845,-1.3143579959869385,0.0,0.19298505783081055,-1.0813407897949219,224800
0.06952362507581711,-1.3337408304214478,0.0,-0.8573209047317505,-2.1215381622314453,236000
0.38565585017204285,-1.3205223083496094,0.0,4.3589677810668945,3.4241013526916504,246400
0.03976207226514816,-1.3263413906097412,0.0,-0.5655940771102905,-1.8521733283996582,257600
0.2270052134990692,-1.3160473108291626,0.25,-1.7642996311187744,-2.853341579437256,268000
0.05964333191514015,-1.328046441078186,0.0,-0.7129924893379211,-1.9813956022262573,279200
0.032422490417957306,-1.32858407497406,0.0,-1.2862333059310913,-2.58239483833313,289600
0.25946155190467834,-1.3187764883041382,0.25,3.2810544967651367,2.2217397689819336,300800
0.08204531669616699,-1.3056142330169678,0.0,0.012607954442501068,-1.2109609842300415,312000
0.6230932474136353,-1.3361831903457642,5.5,10.076622009277344,9.363532066345215,322400
0.1473686546087265,-1.3303601741790771,0.0,1.6622635126113892,0.4792720079421997,332800
0.08085038512945175,-1.3279871940612793,0.5,-7.805855751037598,-9.05299186706543,344000
0.029786914587020874,-1.3329442739486694,0.0,-2.5957448482513428,-3.898902416229248,355200
0.09210976958274841,-1.3247261047363281,0.0,-5.61181116104126,-6.844427585601807,366400
0.23658603429794312,-1.3280754089355469,5.5,-0.7638912200927734,-1.8553805351257324,376800
0.39105844497680664,-1.3292900323867798,0.25,-12.547541618347168,-13.485773086547852,388000
0.02292412333190441,-1.3296455144882202,0.0,-1.8506110906600952,-3.157332420349121,399200
0.19955039024353027,-1.331150770187378,5.5,1.7003861665725708,0.5687857866287231,409600
0.014542614109814167,-1.3294137716293335,0.0,0.5660709738731384,-0.7488001585006714,420800
0.017574576660990715,-1.3392471075057983,0.0,-1.0796467065811157,-2.4013192653656006,432000
0.02335491217672825,-1.3402271270751953,0.0,-0.6778730154037476,-1.9947452545166016,442400
0.28344470262527466,-1.3384863138198853,0.0,-1.2481838464736938,-2.303225517272949,452800
0.01032507885247469,-1.3392363786697388,0.0,-1.0876678228378296,-2.416579246520996,464000
0.021073024719953537,-1.3381869792938232,0.0,-2.315563678741455,-3.6326775550842285,475200
0.5062780976295471,-1.3393675088882446,0.5,7.9557623863220215,7.122673511505127,485600
0.26100340485572815,-1.3371341228485107,0.0,4.052648544311523,2.976517915725708,496800
0.7635924816131592,-1.3344311714172363,5.5,12.343802452087402,11.772964477539062,507200
0.0191107876598835,-1.3347570896148682,0.5,0.15800891816616058,-1.157637357711792,518400
0.23180916905403137,-1.3372633457183838,4.0,3.044048309326172,1.938594102859497,528800
0.007237736601382494,-1.3370803594589233,0.0,-1.4383282661437988,-2.7681708335876465,540000
0.34530624747276306,-1.3393490314483643,0.1666666716337204,1.1571604013442993,0.1631176471710205,551200
0.02084990218281746,-1.336749792098999,0.0,-3.47700834274292,-4.792908191680908,561600
0.011850339360535145,-1.337003469467163,0.0,0.32219398021698,-1.002959132194519,572800
0.04750517010688782,-1.33919358253479,0.0,-6.6713361740112305,-7.963024139404297,584000
0.11061883717775345,-1.3327839374542236,5.5,0.5920006036758423,-0.6301645040512085,594400
0.16731075942516327,-1.3418563604354858,0.0,-0.5674608945846558,-1.742006540298462,605600
0.007228001486510038,-1.3443917036056519,0.0,-0.9846341013908386,-2.3217978477478027,616800
0.7069616317749023,-1.342721700668335,0.0,11.73608112335205,11.100320816040039,628000
0.06464867293834686,-1.3433195352554321,0.3333333432674408,-7.660958766937256,-8.939629554748535,638400
0.007634911220520735,-1.3455936908721924,0.0,-0.39946410059928894,-1.7374229431152344,649600
0.03796566277742386,-1.3419870138168335,0.0,-6.397907733917236,-7.701929092407227,660800
0.032730426639318466,-1.3422889709472656,0.0,-2.2419819831848145,-3.5515406131744385,671200
0.12903906404972076,-1.34346342086792,0.0,-12.760970115661621,-13.975395202636719,682400
0.4998808205127716,-1.3439358472824097,0.5,6.747494697570801,5.903439521789551,693600
0.09565030783414841,-1.3402137756347656,0.5,-7.684947490692139,-8.929511070251465,704000
0.02996012009680271,-1.3423130512237549,0.0,-6.850101947784424,-8.162454605102539,715200
0.3093336224555969,-1.3406437635421753,0.0,1.7051061391830444,0.6737960577011108,725600
0.08648218959569931,-1.337272047996521,0.0,-9.70346450805664,-10.954254150390625,736000
0.5873823165893555,-1.3374642133712769,0.0,6.757994651794434,6.007912635803223,747200
0.46463778614997864,-1.3365309238433838,0.5,8.836703300476074,7.964810371398926,758400
0.02042650431394577,-1.3396308422088623,0.0,-3.860766887664795,-5.179971218109131,768800
0.011628775857388973,-1.3437589406967163,0.0,-4.756426811218262,-6.088557243347168,780000
0.017419056966900826,-1.3448175191879272,0.0,-4.105111598968506,-5.4325103759765625,790400
0.010888728313148022,-1.3451313972473145,0.0,-3.9723074436187744,-5.306550025939941,801600
0.0036059829872101545,-1.3461393117904663,0.0,-0.5764236450195312,-1.918956995010376,812800
0.23339910805225372,-1.3457894325256348,0.0,4.023619651794434,2.911229133605957,824000
0.024436218664050102,-1.3476899862289429,0.20000000298023224,-6.257978439331055,-7.58123254776001,834400
0.0012676202459260821,-1.348126769065857,0.3333333432674408,-0.5098952054977417,-1.8567543029785156,845600
0.013362887315452099,-1.3489840030670166,0.0,-4.387722969055176,-5.723343849182129,856000
0.04762337729334831,-1.3492836952209473,0.0,-8.928558349609375,-10.230218887329102,867200
0.32774072885513306,-1.3467293977737427,2.75,3.046492338180542,2.027503490447998,878400
0.03785615414381027,-1.3472455739974976,0.0,-7.523040294647217,-8.832429885864258,888800
0.20070555806159973,-1.3461555242538452,0.0,2.178618907928467,1.033168911933899,900000
0.7762464284896851,-1.344603419303894,1.7142857313156128,0.4853704869747162,-0.08298647403717041,911200
0.7841190099716187,-1.347103238105774,7.333333492279053,13.449902534484863,12.886918067932129,921600
0.30932578444480896,-1.3465594053268433,4.0,1.748726725578308,0.7114931344985962,932800
1.0850361585617065,-1.3459546566009521,5.5,18.269161224365234,18.008241653442383,943200
0.0030050233472138643,-1.347097635269165,0.0,-2.369109869003296,-3.713202476501465,954400
0.0006470088846981525,-1.346775770187378,0.0,-0.006618188694119453,-1.3527469635009766,964800
0.006638702005147934,-1.3474889993667603,0.0,-3.1967427730560303,-4.537592887878418,976000
0.29263177514076233,-1.3475420475006104,0.0,0.16202622652053833,-0.8928840160369873,986400
0.5340723395347595,-1.3477404117584229,0.0,7.0313496589660645,6.217681884765625,997600
0.001351873972453177,-1.3463648557662964,0.0,-0.11369732022285461,-1.4587103128433228,1008800
0.964152991771698,-1.3491742610931396,0.0,17.892885208129883,17.507863998413086,1019200
0.0001846818340709433,-1.3491158485412598,0.3333333432674408,-0.024803584441542625,-1.373734712600708,1030400
0.0023889087606221437,-1.3490235805511475,0.5,-1.924912691116333,-3.271547317504883,1041600
6.054664117982611e-05,-1.350736379623413,0.0,0.0030721179209649563,-1.347603678703308,1052800
0.39407873153686523,-1.3493270874023438,0.0,2.1775248050689697,1.2222764492034912,1063200
0.37754449248313904,-1.3492406606674194,2.4000000953674316,5.931097030639648,4.959400653839111,1073600
0.0070576597936451435,-1.3475210666656494,1.0,-3.626298189163208,-4.966761589050293,1084800
0.007196405436843634,-1.3441941738128662,0.3333333432674408,-2.9278833866119385,-4.264881134033203,1096000
0.036544449627399445,-1.3469064235687256,0.0,-8.37562084197998,-9.685982704162598,1106400
0.3669778108596802,-1.3472167253494263,2.0,7.772917747497559,6.7926788330078125,1117600
0.4257788360118866,-1.3440216779708862,0.0,4.408430099487305,3.490187168121338,1128800
0.000656072748824954,-1.3476738929748535,2.0,-0.0297053474932909,-1.3767231702804565,1139200
0.0038424963131546974,-1.3475933074951172,0.0,-2.7340269088745117,-4.077777862548828,1150400
0.37675410509109497,-1.348987102508545,0.0,3.3024771213531494,2.3302440643310547,1160800
0.02279798500239849,-1.3500738143920898,0.0,-6.9732513427734375,-8.300527572631836,1172800
0.014070338569581509,-1.3498409986495972,0.0,-5.143543720245361,-6.47931432723999,1183200
0.01018383540213108,-1.3485418558120728,0.0,-3.9345641136169434,-5.272922039031982,1194400
0.8046022653579712,-1.3500791788101196,3.6666667461395264,7.720762252807617,7.175285816192627,1205600
0.4413503408432007,-1.3490978479385376,0.0,3.9476606845855713,3.0399131774902344,1216800
0.0025041946209967136,-1.351383924484253,0.0,-1.6225095987319946,-2.9713892936706543,1228000
0.4783726930618286,-1.3512792587280273,0.0,6.676721572875977,5.803814888000488,1239200
0.005756463389843702,-1.3502177000045776,0.5,-2.088486433029175,-3.4329476356506348,1249600
0.03308806195855141,-1.3511486053466797,0.5,-1.1158846616744995,-2.4339451789855957,1260800
0.001036791829392314,-1.3501834869384766,0.0,-1.0217708349227905,-2.370917558670044,1271200
0.7926618456840515,-1.349642038345337,3.6666667461395264,11.381706237792969,10.824726104736328,1282400
0.9279877543449402,-1.3499397039413452,0.25,14.84298038482666,14.421029090881348,1292800
0.4598567485809326,-1.347847819328308,1.0,4.680264472961426,3.79227352142334,1304000
0.0034006910864263773,-1.34961998462677,0.0,-2.568450689315796,-3.914669990539551,1314400
0.01882725954055786,-1.3482093811035156,0.5,-5.773044109344482,-7.102426052093506,1325600
0.0019460137700662017,-1.3475373983383179,0.0,-1.9476174116134644,-3.2932088375091553,1336800
0.0009671546285971999,-1.3474409580230713,0.0,-1.0937891006469727,-2.440262794494629,1347200
0.03676533326506615,-1.3482098579406738,0.0,-9.075907707214355,-10.387351989746094,1358400
0.19669656455516815,-1.3458302021026611,1.8333333730697632,-2.9934494495391846,-4.142582893371582,1368800
0.01632951945066452,-1.3442859649658203,0.0,-5.579868316650391,-6.907824993133545,1380000
0.014029942452907562,-1.3423305749893188,0.3333333432674408,-4.858749866485596,-6.1870503425598145,1390400
0.0015876608667895198,-1.3421168327331543,0.0,-1.1814167499542236,-2.5219459533691406,1401600
0.0013319511199370027,-1.3453949689865112,1.0,-1.5414314270019531,-2.8854944705963135,1412800
0.01839282549917698,-1.3462255001068115,0.0,-6.299671173095703,-7.627503395080566,1424000
0.0003633111191447824,-1.3462605476379395,0.0,-0.12762761116027832,-1.473524808883667,1434400
0.5638689994812012,-1.3471354246139526,0.3333333432674408,10.52061653137207,9.737350463867188,1444800
0.3126460313796997,-1.3481945991516113,4.0,-6.930427074432373,-7.965975761413574,1456000
0.4738277196884155,-1.3495997190475464,0.3333333432674408,7.688761234283447,6.812989234924316,1467200
0.013917495496571064,-1.347238540649414,0.0,-5.675345420837402,-7.008666515350342,1477600
0.007624993100762367,-1.3479567766189575,1.0,-3.822591781616211,-5.162923336029053,1488800
0.0021044553723186255,-1.3482232093811035,1.0,-1.997807264328003,-3.343925952911377,1500000
0.08961820602416992,-1.3481814861297607,0.0,-0.7166128754615784,-1.9751760959625244,1510400
0.00774909695610404,-1.3464465141296387,0.0,-3.9362034797668457,-5.274900913238525,1520800
0.0011393098393455148,-1.3463819026947021,0.0,-1.2466003894805908,-2.5918431282043457,1532000
0.8299502730369568,-1.3469645977020264,5.5,13.556554794311523,13.03954029083252,1543200
0.3070403039455414,-1.3459327220916748,2.4000000953674316,-2.679607391357422,-3.7184998989105225,1553600
0.005484653636813164,-1.3439884185791016,0.0,-2.876788854598999,-4.215292930603027,1564800
0.370394229888916,-1.3472764492034912,11.0,0.794501543045044,-0.18238067626953125,1576000
0.009046318009495735,-1.3485265970230103,0.0,-4.208192825317383,-5.547672748565674,1586400
0.9017492532730103,-1.3461954593658447,1.0,12.878276824951172,12.433831214904785,1597600
0.9881720542907715,-1.3458563089370728,7.333333492279053,14.489248275756836,14.131564140319824,1608000
0.002861745422706008,-1.3477838039398193,0.0,-2.2438976764678955,-3.588819742202759,1619200
0.01444940734654665,-1.3477259874343872,0.0,-5.017083644866943,-6.350359916687012,1630400
0.696601927280426,-1.3473880290985107,11.0,6.759188652038574,6.108402252197266,1640800
0.0042130714282393456,-1.3468912839889526,0.0,-2.9441215991973877,-4.286799907684326,1652000
0.5551596879959106,-1.3466596603393555,0.0,5.881382942199707,5.089882850646973,1663200
0.015907561406493187,-1.3425942659378052,0.0,-5.4438910484313965,-6.770577430725098,1674400
0.5533143877983093,-1.344101071357727,3.6666667461395264,9.729365348815918,8.938578605651855,1685600
0.04912148043513298,-1.3434635400772095,1.0,-10.2390718460083,-11.533413887023926,1696000
0.27773571014404297,-1.3415615558624268,11.0,1.9775742292404175,0.9137485027313232,1707200
0.7602754235267639,-1.3421387672424316,3.6666667461395264,13.620519638061523,13.038656234741211,1718400
1.022931456565857,-1.341482162475586,0.0,12.992361068725586,12.673810005187988,1728800
0.2196882665157318,-1.338294506072998,2.200000047683716,-1.7806459665298462,-2.89925217628479,1740000
0.4676114022731781,-1.3373730182647705,0.0,4.257885456085205,3.3881237506866455,1750400
0.003417280735448003,-1.3394256830215454,1.0,-2.6460258960723877,-3.982034206390381,1761600
0.004203789867460728,-1.3415499925613403,0.0,-2.8335318565368652,-4.170877933502197,1772800
0.0035206156317144632,-1.3394536972045898,1.0,-2.4396307468414307,-3.7755637168884277,1784000
1.6807371377944946,-1.3403698205947876,0.0,19.77889633178711,20.1192626953125,1794400
0.30067911744117737,-1.3407784700393677,0.5,2.134244680404663,1.09414541721344,1805600
0.0007585590938106179,-1.3428845405578613,0.0,-0.1842879205942154,-1.526413917541504,1816000
0.05663372576236725,-1.3429462909698486,0.0,-11.109501838684082,-12.395813941955566,1827200
0.0010272437939420342,-1.3441520929336548,0.0,-0.7168782949447632,-2.0600032806396484,1838400
0.0800265371799469,-1.3434230089187622,5.5,-7.6012163162231445,-8.864612579345703,1849600
0.0033782257232815027,-1.3437957763671875,0.0,-2.3851640224456787,-3.725581645965576,1860000
0.00967639870941639,-1.3447880744934082,0.0,-4.613922119140625,-5.949033737182617,1871200
0.019193457439541817,-1.3452695608139038,0.0,-6.352454662322998,-7.678530693054199,1881600
0.4299183487892151,-1.3464783430099487,0.0,3.342479705810547,2.425919532775879,1892800
0.4905048608779907,-1.3471853733062744,0.0,0.7864135503768921,-0.0702669620513916,1904000
0.0002758503542281687,-1.346685767173767,0.0,-0.6450109481811523,-1.991420865058899,1914400
0.9322947263717651,-1.3465626239776611,0.0,14.407135009765625,13.992867469787598,1924800
0.5038002729415894,-1.3454630374908447,0.0,7.134438514709473,6.292776107788086,1936000
0.4490647315979004,-1.3440247774124146,5.5,2.2867579460144043,1.3917979001998901,1947200
0.5896342396736145,-1.3440510034561157,0.3333333432674408,9.398515701293945,8.644098281860352,1958400
0.3241761326789856,-1.344828724861145,0.0,-0.5986678600311279,-1.6193203926086426,1968800
0.02067377232015133,-1.3429584503173828,0.0,-6.235086441040039,-7.557371139526367,1979200
0.0011576598044484854,-1.3427810668945312,0.0,-0.8829171657562256,-2.2245407104492188,1991200
0.65837562084198,-1.342291235923767,3.6666667461395264,9.856118202209473,9.172203063964844,2001600
0.016130561009049416,-1.3447184562683105,0.0,-5.391358852386475,-6.71994686126709,2012000
0.016537530347704887,-1.3447962999343872,0.0,-5.895020008087158,-7.223278522491455,2023200
0.09815256297588348,-1.3453840017318726,0.5,-13.643162727355957,-14.89039421081543,2033600
0.030426690354943275,-1.342192530632019,0.0,-5.665528774261475,-6.977294921875,2044800
0.007966103963553905,-1.3363845348358154,0.0,-3.1124744415283203,-4.440893173217773,2056000
0.8505843877792358,-1.3453539609909058,7.333333492279053,3.6016030311584473,3.1068334579467773,2066400
0.5899630188941956,-1.3443396091461182,0.0,6.583143711090088,5.828766822814941,2077600
0.48758459091186523,-1.344077467918396,4.0,6.675275802612305,5.818782806396484,2088000
0.012318438850343227,-1.3450889587402344,0.1428571492433548,-4.959275245666504,-6.292045593261719,2099200
0.0075141312554478645,-1.3451958894729614,0.0,-3.431509017944336,-4.769190788269043,2110400
0.25307750701904297,-1.3440922498703003,3.6666667461395264,-1.9671921730041504,-3.0582070350646973,2121600
0.007041939068585634,-1.3461941480636597,0.0,-3.801952362060547,-5.141104698181152,2132000
0.0031286394223570824,-1.347495198249817,0.0,-2.397160530090332,-3.7415270805358887,2143200
0.03257780149579048,-1.344851016998291,0.0,-8.310476303100586,-9.622749328613281,2154400
0.0031504014041274786,-1.3449599742889404,0.0,-2.757413387298584,-4.0992231369018555,2164800
0.004386303015053272,-1.3439534902572632,0.0,-2.8716001510620117,-4.211167335510254,2176000
0.21468119323253632,-1.3388673067092896,0.0,-4.062395095825195,-5.186581134796143,2186400
1.4331263303756714,-1.3398722410202026,7.666666507720947,26.240055084228516,26.333309173583984,2197600
0.30299344658851624,-1.3426967859268188,0.0,-1.0087096691131592,-2.048413038253784,2208000
0.004865195136517286,-1.340579628944397,0.0,-2.4541444778442383,-3.789858818054199,2219200
0.03315969184041023,-1.3428878784179688,0.0,-7.731412887573242,-9.041141510009766,2230400
0.010987851768732071,-1.3424214124679565,0.0,-4.708527565002441,-6.039961338043213,2241600
0.42662936449050903,-1.347055196762085,0.3333333432674408,4.624077796936035,3.7036521434783936,2252000
0.037036553025245667,-1.3466143608093262,0.0,-8.862298011779785,-10.171875,2262400
0.005269247572869062,-1.3482844829559326,0.0,-3.1931748390197754,-4.536190032958984,2273600
0.008898064494132996,-1.348451852798462,0.0,-4.453647136688232,-5.793200492858887,2284800
0.0005846614367328584,-1.348462700843811,0.0,-0.691406786441803,-2.0392847061157227,2295200
0.04229121655225754,-1.3478715419769287,0.25,-9.125455856323242,-10.431035995483398,2306400
0.41149598360061646,-1.3485026359558105,11.0,-2.359142780303955,-3.296149492263794,2317600
0.5053689479827881,-1.3492465019226074,0.0,8.627837181091309,7.783959865570068,2328000
0.0036848182789981365,-1.3488754034042358,0.0,-2.5800483226776123,-3.925239086151123,2339200
0.6488306522369385,-1.3489556312561035,0.0,7.651832103729248,6.951707363128662,2349600
0.0010397734586149454,-1.3498142957687378,0.0,-1.5039376020431519,-2.8527121543884277,2360800
0.020317792892456055,-1.3494877815246582,0.0,-6.03476619720459,-7.363935947418213,2372000
0.14844143390655518,-1.3465831279754639,0.0,-0.4959166646003723,-1.6940584182739258,2382400
0.3842278718948364,-1.348826289176941,0.0,6.331362247467041,5.366763591766357,2392800
0.019774803891777992,-1.3475935459136963,0.5,-6.265744686126709,-7.593563079833984,2404000
0.415409654378891,-1.34611976146698,0.0,0.8462206721305847,-0.08448946475982666,2415200
0.003372086910530925,-1.3474764823913574,0.6666666865348816,-2.6283490657806396,-3.9724533557891846,2425600
0.7858189940452576,-1.347354531288147,0.0,9.232501983642578,8.670966148376465,2436800
0.001872741850093007,-1.3481786251068115,0.0,-2.067629814147949,-3.413935661315918,2447200
0.937294065952301,-1.3479266166687012,0.0,15.413202285766602,15.002569198608398,2457600
0.0011036539217457175,-1.347341775894165,0.0,-1.589975357055664,-2.936213493347168,2468800
1.548290491104126,-1.3469951152801514,5.5,20.17340850830078,20.374704360961914,2479200
0.01855311170220375,-1.3452028036117554,0.0,-6.45234489440918,-7.778994560241699,2490400
0.0037639944348484278,-1.3462367057800293,1.0,-2.765042304992676,-4.107515335083008,2500800
1.319596290588379,-1.345747709274292,4.0,14.191487312316895,14.165335655212402,2512000
0.003660583635792136,-1.3453043699264526,0.0,-2.5810420513153076,-3.9226856231689453,2522400
0.0019290836062282324,-1.3461880683898926,1.0,-2.0904221534729004,-3.4346811771392822,2533600
0.9517768621444702,-1.346338152885437,0.0,14.194662094116211,13.800100326538086,2544800
0.005010068882256746,-1.3457510471343994,0.0,-3.1725945472717285,-4.513335227966309,2555200
0.01370287872850895,-1.3454198837280273,0.0,-5.730943202972412,-7.062660217285156,2566400
0.0010017214808613062,-1.3446916341781616,0.0,-1.3013889789581299,-2.6450788974761963,2576800
0.0011797308688983321,-1.345196008682251,0.0,-1.5587080717086792,-2.902724266052246,2588000
0.0021161308977752924,-1.3453949689865112,0.0,-1.9743729829788208,-3.3176517486572266,2598400
0.018654707819223404,-1.3454488515853882,0.0,-6.408161640167236,-7.734955787658691,2609600
0.007628899998962879,-1.344880223274231,0.0,-2.739967107772827,-4.077218532562256,2620800
0.49755412340164185,-1.3446305990219116,0.0,0.19645637273788452,-0.6506201028823853,2631200
0.521163284778595,-1.3453969955444336,4.333333492279053,8.359557151794434,7.535323143005371,2642400
0.453858345746994,-1.3458343744277954,3.6666667461395264,3.753978967666626,2.8620028495788574,2652800
0.0011159911518916488,-1.346526861190796,0.0,-1.4807308912277222,-2.826141834259033,2664000
0.025560462847352028,-1.3467750549316406,0.0,-7.361118793487549,-8.682332992553711,2674400
0.48060089349746704,-1.3457905054092407,0.5,4.321619510650635,3.456429958343506,2685600
0.5790660381317139,-1.346496343612671,0.0,4.744325160980225,3.9768946170806885,2696000
0.028970396146178246,-1.3471648693084717,0.5,-7.869853973388672,-9.188048362731934,2706400
0.0006305931019596756,-1.3470088243484497,0.3333333432674408,-1.1067434549331665,-2.4531216621398926,2717600
0.009513593278825283,-1.3474254608154297,0.25,-4.423305988311768,-5.761218070983887,2728000
0.012627240270376205,-1.346889615058899,0.0,-5.259828567504883,-6.594090938568115,2738400
0.026006851345300674,-1.346594214439392,0.0,-7.9419989585876465,-9.26258659362793,2749600
0.7070817947387695,-1.3477829694747925,11.0,11.219099998474121,10.578398704528809,2760000
0.01981504261493683,-1.3475956916809082,0.20000000298023224,-6.321500301361084,-7.649281024932861,2771200
0.7374550104141235,-1.3473153114318848,6.0,12.14787483215332,11.538015365600586,2781600
0.576617956161499,-1.3474758863449097,11.0,4.0637431144714355,3.2928848266601562,2792800
0.0023829450365155935,-1.3465240001678467,1.0,-2.3382484912872314,-3.682389497756958,2803200
0.19737328588962555,-1.3484678268432617,0.5,-6.203123569488525,-7.354218006134033,2814400
0.8985451459884644,-1.348411202430725,0.3333333432674408,7.989790439605713,7.539924144744873,2825600
0.0008737544994801283,-1.3489189147949219,0.0,-1.383801817893982,-2.731846809387207,2836000
1.1577566862106323,-1.34938383102417,11.0,14.48681640625,14.295188903808594,2847200
0.010040044784545898,-1.3493926525115967,0.0,-4.559563636779785,-5.898916244506836,2858400
0.010670154355466366,-1.3494850397109985,0.0,-4.7143049240112305,-6.053119659423828,2869600
0.6481097936630249,-1.3495992422103882,0.0,6.199990272521973,5.498500823974609,2880000
0.010924981907010078,-1.3492486476898193,0.0,-4.844905376434326,-6.183229446411133,2890400
1.4495021104812622,-1.3478611707687378,3.25,20.509218215942383,20.61086082458496,2901600
0.006713104899972677,-1.3492861986160278,0.0,-3.5423154830932617,-4.884888648986816,2912800
0.01757447049021721,-1.3501276969909668,0.0,-6.510151386260986,-7.842704772949219,2923200
0.011018583551049232,-1.3503835201263428,0.0,-4.83232307434082,-6.171688079833984,2934400
0.6751264929771423,-1.349663257598877,0.0,2.5569581985473633,1.8824214935302734,2944800
0.013889706693589687,-1.3498387336730957,0.0,-5.878465175628662,-7.214414119720459,2956000
0.00857812911272049,-1.3493807315826416,0.0,-4.331031799316406,-5.6718339920043945,2967200
0.00610932195559144,-1.348624348640442,0.0,-3.906822443008423,-5.249337673187256,2977600
0.6674361228942871,-1.3485265970230103,2.4000000953674316,10.412236213684082,9.731144905090332,2988800
0.007081117946654558,-1.3490307331085205,0.0,-4.067859649658203,-5.409809112548828,3000000
0.007965539582073689,-1.348584532737732,0.20000000298023224,-3.9285593032836914,-5.26917839050293,3010400
0.0031264156568795443,-1.3491101264953613,0.0,-2.4775006771087646,-3.823484420776367,3021600
0.03173861280083656,-1.3488966226577759,0.0,-8.026535034179688,-9.343692779541016,3032800
0.5914052724838257,-1.3482600450515747,0.0,3.0688893795013428,2.3120346069335938,3043200
0.0045505366288125515,-1.3482354879379272,0.0,-3.299680709838867,-4.643365859985352,3053600
0.02041609212756157,-1.3480842113494873,0.0,-6.364565849304199,-7.692234039306641,3064800
0.5199156403541565,-1.3483599424362183,0.0,5.447610378265381,4.619165897369385,3075200
0.029410801827907562,-1.3472346067428589,0.3333333432674408,-7.678839683532715,-8.996663093566895,3086400
0.013698968105018139,-1.347084641456604,0.3333333432674408,-5.385279178619385,-6.718664646148682,3096800
0.6960546970367432,-1.3477989435195923,0.0,9.293237686157227,8.64149284362793,3108000
0.007973889820277691,-1.3487451076507568,0.0,-4.130923748016357,-5.4716949462890625,3119200
1.403579831123352,-1.349327564239502,5.5,19.88776206970215,19.942014694213867,3130400
0.049033455550670624,-1.3492367267608643,0.0,-10.328728675842285,-11.628931999206543,3140800
0.012588000856339931,-1.3493987321853638,0.0,-5.236098766326904,-6.572909355163574,3152000
0.764252781867981,-1.3493061065673828,6.0,7.709770679473877,7.124717712402344,3162400
0.8674026131629944,-1.3487883806228638,0.0,14.594537734985352,14.113152503967285,3173600
0.0028752568177878857,-1.3489480018615723,0.0,-2.553774356842041,-3.8998470306396484,3184800
0.0018333757761865854,-1.3493196964263916,0.0,-2.1039438247680664,-3.451430082321167,3195200
0.6111976504325867,-1.349292278289795,0.6666666865348816,3.085667371749878,2.3475728034973145,3206400
0.03132043406367302,-1.3487794399261475,0.3333333432674408,-7.88019323348999,-9.197651863098145,3217600
0.006057464983314276,-1.349024772644043,0.0,-3.6921656131744385,-5.035132884979248,3228800
0.021520014852285385,-1.348981261253357,0.3333333432674408,-6.725161075592041,-8.052621841430664,3239200
0.002540762536227703,-1.349224328994751,0.0,-2.4435527324676514,-3.790236234664917,3250400
0.30404385924339294,-1.3487565517425537,0.5,-6.1019392013549805,-7.1466522216796875,3260800
0.5900358557701111,-1.3484714031219482,11.0,5.368871212005615,4.610435485839844,3272000
0.0031614003237336874,-1.3486557006835938,0.0,-2.6391875743865967,-3.9846818447113037,3282400
1.3843876123428345,-1.3490073680877686,2.4000000953674316,14.283753395080566,14.319133758544922,3293600
0.30364108085632324,-1.3488836288452148,5.5,-3.658277750015259,-4.70352029800415,3304000
0.022278761491179466,-1.3482422828674316,0.0,-7.312102317810059,-8.638065338134766,3315200
0.566587507724762,-1.3476078510284424,11.0,3.892399787902832,3.111379384994507,3326400
0.6705005764961243,-1.3482774496078491,11.0,4.083897113800049,3.4061203002929688,3336800
0.18572066724300385,-1.3479678630828857,11.0,-4.431819915771484,-5.594067573547363,3348000
0.005244230851531029,-1.3477948904037476,0.0,-3.57898211479187,-4.92153263092041,3358400
0.0050492724403738976,-1.3483047485351562,0.0,-3.4949374198913574,-4.838192939758301,3369600
0.00422321492806077,-1.348292350769043,0.5,-3.053832769393921,-4.397902011871338,3380800
0.015458917245268822,-1.3471364974975586,0.0,-5.722442626953125,-7.054120063781738,3391200
0.7632731199264526,-1.346974492073059,0.0,8.308496475219727,7.724795341491699,3402400
2.24914813041687,-1.3467693328857422,2.75,33.44395446777344,34.346336364746094,3412800
0.30854666233062744,-1.3467217683792114,6.0,-2.812455415725708,-3.850630283355713,3424000
0.007810426875948906,-1.3468151092529297,0.25,-3.971336841583252,-5.310341835021973,3435200
0.02445010468363762,-1.3472847938537598,0.0,-7.199337482452393,-8.522171974182129,3445600
0.0073075927793979645,-1.3474464416503906,0.0,-3.942269802093506,-5.282408714294434,3456800
0.004485187586396933,-1.3477097749710083,0.0,-3.306042432785034,-4.649267196655273,3467200
0.7763136625289917,-1.348360300064087,3.0,10.276175498962402,9.704129219055176,3478400
0.10166580975055695,-1.3480579853057861,0.0,-4.913674354553223,-6.160066604614258,3488800
0.8153600096702576,-1.3474183082580566,4.0,4.117149353027344,3.5850911140441895,3500000
0.017962506040930748,-1.3473196029663086,0.0,-6.27357816696167,-7.602935314178467,3511200
0.004069071263074875,-1.3472983837127686,0.0,-3.1514859199523926,-4.494715213775635,3521600
0.8711202144622803,-1.3463865518569946,6.0,10.454181671142578,9.978915214538574,3532800
0.7249214053153992,-1.3461081981658936,11.0,5.081069469451904,4.459882736206055,3543200
0.009939799085259438,-1.3454885482788086,0.0,-4.47468900680542,-5.810237884521484,3553600
0.021773381158709526,-1.3455440998077393,0.0,-7.233491897583008,-8.557262420654297,3564800
0.009558147750794888,-1.3455638885498047,0.0,-4.4751081466674805,-5.8111138343811035,3576000
0.7526957988739014,-1.345455288887024,1.0,7.641729354858398,7.0489702224731445,3586400
0.01280803233385086,-1.3446460962295532,0.0,-5.09443473815918,-6.426272869110107,3597600
0.03332362696528435,-1.3450578451156616,0.0,-8.172792434692383,-9.484526634216309,3608800
0.03424423933029175,-1.344475507736206,0.6666666865348816,-8.450395584106445,-9.760626792907715,3619200
0.02204764261841774,-1.3440910577774048,0.0,-6.095919609069824,-7.417963027954102,3629600
0.2922675609588623,-1.345879316329956,0.0,2.8708579540252686,1.8172461986541748,3640800
0.007774739991873503,-1.3465886116027832,0.0,-3.6958277225494385,-5.034641265869141,3651200
0.01298571564257145,-1.34621000289917,0.0,-5.258571624755859,-6.591795921325684,3662400
0.0065225339494645596,-1.3463876247406006,0.0,-3.7056503295898438,-5.045515537261963,3672800
0.000218907865928486,-1.347123384475708,0.0,-0.3320133090019226,-1.6789177656173706,3684000
0.010129247792065144,-1.3469197750091553,0.0,-4.170220851898193,-5.507011413574219,3695200
0.4009295105934143,-1.348001480102539,5.5,-0.47695332765579224,-1.424025297164917,3705600
0.6094269752502441,-1.348226547241211,2.75,5.652241230010986,4.9134416580200195,3716800
0.6153538227081299,-1.3487250804901123,1.0,3.8424813747406006,3.109110116958618,3727200
0.0023038405925035477,-1.3487745523452759,0.0,-2.3163464069366455,-3.6628170013427734,3738400
0.4579925239086151,-1.3491160869598389,0.0,-5.9114532470703125,-6.802577018737793,3749600
0.0027604647912085056,-1.3494956493377686,0.0,-2.2232940196990967,-3.5700292587280273,3760000
0.030375761911273003,-1.3493804931640625,0.0,-7.836422443389893,-9.155426979064941,3771200
0.023966092616319656,-1.3491064310073853,0.0,-7.042280673980713,-8.36742115020752,3782400
0.6213442087173462,-1.3490469455718994,5.5,6.589364051818848,5.861660957336426,3792800
0.007575138472020626,-1.3490285873413086,0.0,-3.9868593215942383,-5.328312873840332,3804000
0.029339127242565155,-1.3487287759780884,0.0,-7.789650917053223,-9.109040260314941,3814400
0.05314710736274719,-1.3485227823257446,0.0,-10.430633544921875,-11.726009368896484,3825600
0.010373548604547977,-1.3481848239898682,0.0,-4.639037132263184,-5.976848602294922,3836800
0.03538012504577637,-1.3485782146453857,0.0,-8.70605182647705,-10.01924991607666,3847200
0.023256760090589523,-1.3485305309295654,0.0,-6.924033164978027,-8.249306678771973,3858400
1.4961150884628296,-1.3485215902328491,7.333333492279053,21.858861923217773,22.006454467773438,3868800
0.0023600675631314516,-1.3479723930358887,0.0,-2.1802539825439453,-3.5258662700653076,3880000
0.23131489753723145,-1.3488417863845825,2.75,-4.47404670715332,-5.591573715209961,3891200
0.8411576747894287,-1.3472442626953125,0.0,9.564837455749512,9.058751106262207,3901600
1.2539180517196655,-1.3492387533187866,6.5,16.606725692749023,16.511404037475586,3912800
0.005699167028069496,-1.3490607738494873,0.0,-3.47695255279541,-4.820314407348633,3923200
0.012861045077443123,-1.34970223903656,0.0,-5.4080986976623535,-6.744939804077148,3934400
0.0167292021214962,-1.3493812084197998,0.6666666865348816,-5.652354717254639,-6.985006332397461,3945600
0.0019690722692757845,-1.3493952751159668,0.0,-2.016078472137451,-3.363504648208618,3956000
0.0008219704031944275,-1.3494069576263428,0.0,-1.3071424961090088,-2.6557273864746094,3967200
0.004426229279488325,-1.3491085767745972,0.0,-3.286846160888672,-4.631528377532959,3977600
0.775416910648346,-1.3489742279052734,0.3333333432674408,6.405195236206055,5.831637859344482,3988000
0.8552827835083008,-1.3485548496246338,7.333333492279053,5.210318565368652,4.717046737670898,3999200
0.027598123997449875,-1.347873330116272,0.0,-7.59443473815918,-8.91471004486084,4009600
0.007612662855535746,-1.3479920625686646,0.0,-3.877122163772583,-5.217501640319824,4020800
0.010632475838065147,-1.3472445011138916,0.0,-4.769876480102539,-6.106488227844238,4032000
1.481274962425232,-1.347350001335144,3.6666667461395264,19.72604751586914,19.859973907470703,4042400
0.01542175654321909,-1.3468053340911865,0.0,-5.802330493927002,-7.133713722229004,4053600
0.013306179083883762,-1.3460772037506104,0.0,-5.376213550567627,-6.708984375,4064000
0.3454175591468811,-1.3455395698547363,5.5,-0.09138740599155426,-1.0915093421936035,4075200
1.5463169813156128,-1.3453186750411987,11.0,22.334884643554688,22.5358829498291,4085600
0.6623340249061584,-1.3446362018585205,4.0,6.485365867614746,5.80306339263916,4096800
0.8930762410163879,-1.3451985120773315,0.0,13.120285987854004,12.668163299560547,4108000
0.4637073576450348,-1.3455294370651245,5.5,0.0884389579296112,-0.7933831214904785,4118400
0.017124557867646217,-1.3460049629211426,0.0,-5.872859477996826,-7.20173978805542,4129600
0.04219222813844681,-1.3463091850280762,0.0,-9.284262657165527,-10.58837890625,4140000
0.26530277729034424,-1.346256971359253,0.25,-4.852705955505371,-5.933660507202148,4151200
0.6981506943702698,-1.3459734916687012,2.200000047683716,3.897980213165283,3.250157356262207,4161600
0.0077871885150671005,-1.3460941314697266,0.0,-3.9600884914398193,-5.298395156860352,4172800
0.8671609163284302,-1.3459081649780273,6.0,10.492789268493652,10.014041900634766,4183200
0.012891199439764023,-1.345786213874817,0.0,-4.623585224151611,-5.956480026245117,4194400
0.6594968438148499,-1.3459572792053223,0.0,7.684295654296875,6.997835636138916,4204800
0.010772761888802052,-1.3469082117080688,0.0,-4.674206256866455,-6.010341644287109,4216000
0.008320019580423832,-1.3469527959823608,0.0,-4.283750057220459,-5.622383117675781,4227200
0.013317790813744068,-1.3474552631378174,0.0,-5.569518566131592,-6.903656005859375,4237600
0.00797185953706503,-1.3470417261123657,0.0,-4.247334003448486,-5.586403846740723,4248800
0.01705380156636238,-1.3474270105361938,0.0,-5.842795372009277,-7.173168659210205,4259200
0.7902235388755798,-1.3477082252502441,0.0,8.79647445678711,8.238988876342773,4270400
1.2494215965270996,-1.3468681573867798,2.75,13.559248924255371,13.461801528930664,4281600
0.9355814456939697,-1.3459450006484985,0.0,13.299062728881836,12.88869857788086,4292000
0.552948534488678,-1.3448426723480225,11.0,4.425697326660156,3.633803129196167,4303200
1.4698317050933838,-1.3457226753234863,0.0,17.857887268066406,17.981996536254883,4313600
0.4665375053882599,-1.3448013067245483,12.0,-0.16644826531410217,-1.0447120666503906,4324800
0.4712597131729126,-1.3461312055587769,0.6666666865348816,-0.9357874393463135,-1.8106589317321777,4336000
1.4506474733352661,-1.3454912900924683,1.5,17.728248596191406,17.833404541015625,4346400
0.02155199460685253,-1.3466624021530151,0.5,-6.434650421142578,-7.759760856628418,4357600
0.0015722853131592274,-1.3467998504638672,0.0,-1.5764178037643433,-2.921645402908325,4368000
1.8111525774002075,-1.3478535413742065,3.6666667461395264,24.509441375732422,24.972742080688477,4379200
0.8217002749443054,-1.3480240106582642,0.3333333432674408,7.888124942779541,7.361801624298096,4390400
0.6703940629959106,-1.3486127853393555,1.0,6.472707748413086,5.794488906860352,4400800
0.008517698384821415,-1.34735107421875,0.0,-2.3591246604919434,-3.697957992553711,4412000
0.5031071901321411,-1.3440585136413574,0.0,5.698843002319336,4.85789155960083,4422400
0.6208192110061646,-1.3466006517410278,0.0,4.1053009033203125,3.379519462585449,4433600
0.02913670614361763,-1.3482699394226074,0.0,-7.266831398010254,-8.58596420288086,4444000
0.277377188205719,-1.3483532667160034,1.0,1.132127285003662,0.06115114688873291,4455200
0.034430425614118576,-1.347334623336792,0.3333333432674408,-8.330479621887207,-9.643383979797363,4466400
0.7164022326469421,-1.3490160703659058,6.0,7.174563407897949,6.541949272155762,4476800
1.5870987176895142,-1.3489735126495361,11.0,21.849184036254883,22.087308883666992,4488000
0.014646329917013645,-1.3486078977584839,0.0,-5.467930793762207,-6.801892280578613,4498400
0.009922684170305729,-1.349408745765686,1.0,-4.331027030944824,-5.670513153076172,4509600
1.6144827604293823,-1.3482894897460938,11.0,23.117733001708984,23.383926391601562,4520000
0.02836676500737667,-1.3492772579193115,0.0,-7.473622798919678,-8.794533729553223,4531200
0.007342423312366009,-1.3482227325439453,0.0,-3.338749408721924,-4.679629802703857,4541600
0.030129991471767426,-1.3487682342529297,0.0,-7.657767295837402,-8.97640609741211,4552000
0.004999361000955105,-1.3495081663131714,0.0,-2.6655988693237305,-4.010107517242432,4563200
0.7646267414093018,-1.348583698272705,5.5,6.465660095214844,5.881702899932861,4574400
0.3990783989429474,-1.3492927551269531,1.7142857313156128,2.400059223175049,1.4498448371887207,4584800
0.6402707695960999,-1.3470977544784546,0.0,3.3168671131134033,2.6100401878356934,4596000
0.015123764052987099,-1.3474218845367432,0.5,-5.538262844085693,-6.870560646057129,4607200
0.8690803050994873,-1.3471728563308716,5.5,11.504634857177734,11.026542663574219,4617600
0.5497768521308899,-1.3482847213745117,3.6666667461395264,5.027912616729736,4.229404926300049,4628800
0.028782524168491364,-1.3486512899398804,0.0,-7.459432125091553,-8.779300689697266,4640000
0.00473417341709137,-1.3487614393234253,0.0,-2.8005146980285645,-4.1445417404174805,4650400
0.009767057374119759,-1.3486089706420898,1.0,-4.292061805725098,-5.630903720855713,4661600
0.01896991766989231,-1.3483883142471313,0.0,-5.9840240478515625,-7.313442230224609,4672000
0.7152087092399597,-1.3474788665771484,2.3333332538604736,4.144993305206299,3.512722969055176,4683200
0.011454715393483639,-1.348000168800354,0.0,-4.998291492462158,-6.334836959838867,4694400
0.006848302204161882,-1.3486618995666504,0.3333333432674408,-3.662412643432617,-5.004226207733154,4704800
0.004014632198959589,-1.3477630615234375,0.0,-2.895936965942383,-4.23968505859375,4716000
0.019459234550595284,-1.3486888408660889,0.4000000059604645,-6.445538520812988,-7.774767875671387,4727200
0.006859691813588142,-1.348926305770874,0.3333333432674408,-3.5808300971984863,-4.922896385192871,4737600
0.8996254205703735,-1.3480818271636963,0.0,10.166378021240234,9.71792221069336,4748800
0.3238983154296875,-1.3484047651290894,3.6666667461395264,-5.368744373321533,-6.393250942230225,4759200
0.013197478838264942,-1.3484408855438232,0.0,-5.228438377380371,-6.563681602478027,4770400
0.02374166250228882,-1.3495076894760132,0.5,-6.682888507843018,-8.008654594421387,4781600
0.026350948959589005,-1.3481388092041016,0.1666666716337204,-6.7757039070129395,-8.097492218017578,4792000
0.007078563794493675,-1.3490965366363525,0.0,-3.762951612472534,-5.104969501495361,4803200
0.007236141245812178,-1.3488372564315796,0.0,-3.7765588760375977,-5.118159770965576,4813600
0.006004354450851679,-1.3487365245819092,0.0,-2.3105921745300293,-3.6533243656158447,4824800
0.21034622192382812,-1.3494879007339478,11.0,-2.3327178955078125,-3.4718594551086426,4836000
0.6836365461349487,-1.3482531309127808,4.400000095367432,5.179881572723389,4.515264987945557,4846400
0.03145897760987282,-1.3483690023422241,0.0,-8.113938331604004,-9.430848121643066,4857600
0.7713950276374817,-1.3491789102554321,11.0,9.536931991577148,8.959147453308105,4868800
0.010656774044036865,-1.34951913356781,0.0,-4.608771800994873,-5.947634220123291,4879200
2.2204201221466064,-1.3493298292160034,4.400000095367432,32.06927490234375,32.940364837646484,4889600
0.0030849347822368145,-1.3489693403244019,0.0,-2.1476449966430664,-3.4935293197631836,4900800
0.0027841615956276655,-1.3502174615859985,0.0,-2.42317533493042,-3.770608425140381,4911200
0.0050796321593225,-1.3494892120361328,0.0,-3.2581183910369873,-4.602527618408203,4922400
0.9937998652458191,-1.34950590133667,0.0,13.371294975280762,13.015588760375977,4933600
0.003573012538254261,-1.3498796224594116,0.0,-2.746338367462158,-4.092645168304443,4944000
0.005331914871931076,-1.3498395681381226,1.0,-3.238252878189087,-4.582760334014893,4955200
0.01870296150445938,-1.34988534450531,0.0,-5.860374450683594,-7.191556930541992,4965600
1.7624017000198364,-1.3501332998275757,8.25,21.546051025390625,21.95831871032715,4976800
0.02187090925872326,-1.3493931293487549,0.3333333432674408,-6.34166145324707,-7.669183731079102,4988000
0.021478353068232536,-1.3494150638580322,0.5,-6.624598026275635,-7.9525346755981445,4998400
0.0204912219196558,-1.3490984439849854,0.0,-5.743322372436523,-7.071929931640625,5009600
0.016162458807229996,-1.349219799041748,0.0,-5.585958957672119,-6.919016361236572,5020800
0.7182207703590393,-1.3496007919311523,0.0,7.516490459442139,6.885110855102539,5031200
0.01714753918349743,-1.3493878841400146,0.0,-5.878149032592773,-7.210389137268066,5042400
0.8906869888305664,-1.3493643999099731,11.0,11.493322372436523,11.034645080566406,5052800
0.07065998762845993,-1.347822666168213,0.3333333432674408,-4.8070478439331055,-6.084210395812988,5064000
0.021502619609236717,-1.3493444919586182,0.0,-6.736793518066406,-8.064635276794434,5075200
0.09613743424415588,-1.3486440181732178,3.6666667461395264,-7.981635093688965,-9.23414134979248,5085600
0.009390203282237053,-1.3495047092437744,0.0,-3.799079656600952,-5.139194488525391,5096800
0.009920621290802956,-1.3494068384170532,0.0,-4.520236015319824,-5.859722137451172,5108000
0.6326797008514404,-1.3470962047576904,0.5,5.9830217361450195,5.2686052322387695,5118400
0.5327178239822388,-1.3488469123840332,0.5,-1.1581223011016846,-1.974251389503479,5129600
0.020848926156759262,-1.3481229543685913,0.0,-5.666121482849121,-6.993395805358887,5140800
0.03922019153833389,-1.348077654838562,1.0,-8.183326721191406,-9.49218463897705,5151200
0.005746227223426104,-1.347841739654541,0.5,-2.9858784675598145,-4.327974319458008,5162400
0.007713832892477512,-1.347312569618225,0.3333333432674408,-3.745464324951172,-5.0850629806518555,5173600
0.4779312312602997,-1.3480716943740845,5.5,2.0640037059783936,1.1938632726669312,5184000
0.02645108662545681,-1.3473610877990723,0.0,-6.721580505371094,-8.042490005493164,5195200
0.015633150935173035,-1.346903681755066,0.0,-5.6052751541137695,-6.9365458488464355,5205600
0.36923786997795105,-1.3458796739578247,11.0,-0.1511978954076767,-1.1278396844863892,5216800
1.1403874158859253,-1.3471970558166504,4.400000095367432,13.511910438537598,13.30510139465332,5227200
2.461698532104492,-1.3467769622802734,4.800000190734863,34.03986358642578,35.15478515625,5238400
0.014757104218006134,-1.3473862409591675,0.0,-5.698936939239502,-7.031566143035889,5249600
0.005084078758955002,-1.3471771478652954,0.0,-3.3732855319976807,-4.715378761291504,5260000
0.014033643528819084,-1.347644567489624,0.0,-5.210927486419678,-6.544538497924805,5271200
0.00760519178584218,-1.3469120264053345,0.0,-4.003684043884277,-5.342990875244141,5282400
0.00431689340621233,-1.3470561504364014,0.0,-3.041548252105713,-4.3842878341674805,5292800
0.30359694361686707,-1.3476635217666626,0.0,0.13237054646015167,-0.9116960167884827,5304000
0.7997143268585205,-1.3470866680145264,0.0,7.069347858428955,6.521975517272949,5314400
0.024369368329644203,-1.3468585014343262,0.0,-7.209123611450195,-8.531612396240234,5325600
0.28750595450401306,-1.3449583053588867,0.0,-1.6478782892227173,-2.7053306102752686,5336800
1.3888319730758667,-1.3459175825119019,11.0,15.599028587341309,15.641942024230957,5347200
0.03142856806516647,-1.3447039127349854,0.3333333432674408,-7.561522483825684,-8.874797821044922,5358400
2.357985019683838,-1.3463349342346191,8.333333015441895,27.86469841003418,28.8763484954834,5368800
0.8811328411102295,-1.3466901779174805,0.0,7.418827056884766,6.953269958496094,5379200
0.7229130268096924,-1.3456344604492188,0.0,5.420993804931641,4.798272132873535,5390400
0.02597397193312645,-1.3451167345046997,1.0,-6.569735050201416,-7.888877868652344,5401600
0.012314243242144585,-1.3440463542938232,0.0,-4.294949531555176,-5.626681327819824,5412000
0.015754828229546547,-1.3463003635406494,0.0,-5.594661235809326,-6.925207138061523,5423200
0.48256829380989075,-1.3465462923049927,0.0,-1.6565465927124023,-2.520524501800537,5434400
0.7746924161911011,-1.3469582796096802,5.5,8.507651329040527,7.935385704040527,5444800
0.007583227939903736,-1.3468093872070312,0.0,-2.8998053073883057,-4.239031791687012,5455200
2.1209487915039062,-1.34700608253479,0.0,9.247268676757812,10.021211624145508,5466400
0.01041010394692421,-1.3480403423309326,0.0,-4.760655879974365,-6.098285675048828,5476800
0.003404316958039999,-1.3481804132461548,0.0,-2.7391178607940674,-4.083893775939941,5488000
2.910184860229492,-1.348305583000183,4.666666507720947,44.09100341796875,45.65288543701172,5498400
0.012310347519814968,-1.3472744226455688,0.0,-4.7510294914245605,-6.08599328994751,5509600
0.024125702679157257,-1.34706449508667,0.0,-6.768646717071533,-8.091585159301758,5520800
0.7226476073265076,-1.3462480306625366,11.0,6.49798059463501,5.874380111694336,5531200
0.012536834925413132,-1.3483216762542725,0.0,-4.615406513214111,-5.951190948486328,5542400
0.4813998341560364,-1.3471444845199585,0.0,2.5953807830810547,1.7296360731124878,5553600
0.010377542115747929,-1.348081350326538,0.0,-4.6664137840271,-6.004117965698242,5564000
0.023943526670336723,-1.347962498664856,0.0,-6.7731852531433105,-8.097204208374023,5575200
0.014568951912224293,-1.3474960327148438,0.5,-4.864794731140137,-6.1977219581604,5585600
0.011620379984378815,-1.345452904701233,0.25,-4.306572437286377,-5.64040470123291,5596000
0.042807646095752716,-1.348023772239685,3.0,-5.127450942993164,-6.432667255401611,5606400
0.8497633934020996,-1.3475382328033447,0.0,8.67483139038086,8.177057266235352,5617600
0.025217507034540176,-1.344907522201538,0.0,-6.639764785766602,-7.959454536437988,5628800
0.5518208146095276,-1.3483270406723022,0.0,5.307095527648926,4.510589122772217,5639200
0.028651265427470207,-1.3472732305526733,0.3333333432674408,-7.336080074310303,-8.654702186584473,5650400
0.6659882068634033,-1.3483102321624756,1.0,5.865359783172607,5.183037757873535,5661600
0.9190719127655029,-1.3480576276779175,3.0,9.952146530151367,9.523160934448242,5672000
0.05334733426570892,-1.3458398580551147,0.0,-9.025357246398926,-10.317849159240723,5683200
0.02547304891049862,-1.348107099533081,0.0,-7.304378032684326,-8.627012252807617,5694400
0.027109185233712196,-1.3477463722229004,0.0,-7.417082786560059,-8.737720489501953,5704800
0.853395402431488,-1.3453738689422607,1.0,9.034153938293457,8.54217529296875,5716000
0.011101856827735901,-1.3468886613845825,0.0,-4.697022914886475,-6.032809734344482,5726400
0.01322675310075283,-1.3467463254928589,0.0,-5.142723560333252,-6.476243019104004,5737600
0.007515652570873499,-1.3475134372711182,0.0,-3.666672945022583,-5.006670951843262,5748800
0.9134292006492615,-1.346724271774292,0.0,8.990317344665527,8.557022094726562,5760000
0.015145481564104557,-1.3479899168014526,0.0,-5.585360050201416,-6.9182047843933105,5770400
0.025182733312249184,-1.3467140197753906,2.0,-7.412765979766846,-8.734296798706055,5781600
0.0176014993339777,-1.3467620611190796,1.0,-6.245741367340088,-7.574902057647705,5792800
2.4298713207244873,-1.3469679355621338,6.0,28.891386032104492,29.974288940429688,5803200
0.014773293398320675,-1.3475440740585327,0.0,-5.050777435302734,-6.383548259735107,5814400
0.795831024646759,-1.3463900089263916,0.0,8.474624633789062,7.924065589904785,5825600
1.517869234085083,-1.34781813621521,5.5,21.111494064331055,21.281545639038086,5836800
0.5367754101753235,-1.3481303453445435,5.5,1.8420689105987549,1.0307139158248901,5847200
0.011296967044472694,-1.346579909324646,0.0,-4.831906795501709,-6.167190074920654,5858400
1.389206051826477,-1.3477555513381958,11.0,18.32230567932129,18.36375617980957,5868800
0.04764579236507416,-1.344106674194336,0.0,-9.040716171264648,-10.337177276611328,5880000
0.2955544888973236,-1.3475995063781738,0.3333333432674408,-4.323647499084473,-5.375692367553711,5891200
0.02561550959944725,-1.3464869260787964,0.0,-6.676416873931885,-7.997288227081299,5901600
0.0419851616024971,-1.347401738166809,0.0,-9.460344314575195,-10.76576042175293,5912800
0.7806092500686646,-1.347644329071045,0.0,4.868712902069092,4.301677703857422,5924000
0.02361389994621277,-1.3469082117080688,0.0,-6.825741291046143,-8.149035453796387,5935200
0.5144885182380676,-1.346035122871399,0.3333333432674408,3.7258846759796143,2.8943381309509277,5946400
0.010666292160749435,-1.34590744972229,0.0,-4.4605255126953125,-5.795766830444336,5956800
0.7958747148513794,-1.3479996919631958,11.0,9.43243408203125,8.880309104919434,5968000
0.4453665018081665,-1.3471665382385254,0.0,1.2151697874069214,0.3133697509765625,5979200
0.01189018227159977,-1.3493592739105225,0.0,-4.8950419425964355,-6.232510566711426,5989600
0.7448846101760864,-1.348435640335083,0.0,11.391121864318848,10.78757095336914,6000800
0.02311619184911251,-1.3490889072418213,0.0,-6.958064556121826,-8.284037590026855,6012000
0.01685001328587532,-1.3495538234710693,0.6666666865348816,-5.831101417541504,-7.16380500793457,6023200
0.031001504510641098,-1.3489179611206055,2.0,-7.887914657592773,-9.205831527709961,6033600
0.02215176448225975,-1.347394585609436,0.0,-6.2125654220581055,-7.537807941436768,6044000
0.6880820393562317,-1.3469268083572388,5.5,2.7190866470336914,2.06024169921875,6055200
0.5901575684547424,-1.3480894565582275,6.0,2.5383381843566895,1.7804062366485596,6065600
0.0182787012308836,-1.3482035398483276,0.0,-6.087209224700928,-7.4171342849731445,6076800
0.6215816736221313,-1.3491055965423584,12.0,3.276169538497925,2.5486457347869873,6088000
0.016809768974781036,-1.348305583000183,0.0,-6.030182838439941,-7.361678600311279,6098400
0.021595556288957596,-1.3489482402801514,0.3333333432674408,-6.197497844696045,-7.524850845336914,6109600
0.008641569875180721,-1.3476797342300415,0.0,-4.001303672790527,-5.340342044830322,6120000
0.3338559567928314,-1.346497893333435,1.0,-0.5304499268531799,-1.543091893196106,6131200
0.009104719385504723,-1.348646879196167,0.0,-3.9263854026794434,-5.265927314758301,6141600
0.13144882023334503,-1.3489875793457031,0.0,-4.599442958831787,-5.816981792449951,6152800
0.9803915023803711,-1.3480069637298584,0.0,8.985733032226562,8.618117332458496,6164000
0.012833685614168644,-1.348480224609375,0.0,-5.042768478393555,-6.378415107727051,6174400
0.0270950049161911,-1.3484867811203003,0.0,-7.386963844299316,-8.708355903625488,6185600
0.03931445628404617,-1.3480979204177856,0.0,-8.429327964782715,-9.73811149597168,6196000
0.021056432276964188,-1.3490180969238281,0.25,-6.335050106048584,-7.66301155090332,6207200
1.5084654092788696,-1.3470550775527954,11.0,21.09416389465332,21.255573272705078,6217600
0.012705291621387005,-1.3489500284194946,0.0,-4.689698219299316,-6.025942802429199,6228000
0.6240129470825195,-1.3471086025238037,0.0,8.867521286010742,8.144425392150879,6238400
0.8906039595603943,-1.3488423824310303,0.0,11.307329177856445,10.849090576171875,6249600
0.012486042454838753,-1.3493314981460571,0.0,-5.094019412994385,-6.4308648109436035,6260000
0.005497792735695839,-1.3489779233932495,0.0,-3.3520781993865967,-4.695558547973633,6271200
0.23089542984962463,-1.3488987684249878,0.20000000298023224,-5.967046737670898,-7.085050106048584,6282400
0.039033569395542145,-1.3490177392959595,0.3333333432674408,-9.224589347839355,-10.534573554992676,6293600
0.006376173347234726,-1.349458932876587,0.0,-3.4600861072540283,-4.803168773651123,6304000
0.7156033515930176,-1.3487813472747803,0.4000000059604645,8.375470161437988,7.742292404174805,6315200
0.005282159894704819,-1.3495475053787231,0.4000000059604645,-3.2405693531036377,-4.584834575653076,6325600
0.010215396992862225,-1.3497408628463745,0.0,-4.762232303619385,-6.101758003234863,6336800
0.014970325864851475,-1.349439263343811,0.0,-5.387963771820068,-6.722432613372803,6347200
0.030229730531573296,-1.3490214347839355,0.0,-7.858978271484375,-9.177770614624023,6358400
0.040041305124759674,-1.3492785692214966,0.5,-9.176177978515625,-10.4854154586792,6369600
0.0098394975066185,-1.3494216203689575,0.0,-3.856595993041992,-5.196177959442139,6380000
0.7848498225212097,-1.348755121231079,11.0,5.640142440795898,5.076236724853516,6391200
0.03825489059090614,-1.3488361835479736,0.0,-9.104109764099121,-10.414690971374512,6402400
0.027507388964295387,-1.3490351438522339,1.0,-7.628651142120361,-8.950179100036621,6413600
0.03083215095102787,-1.3485344648361206,0.0,-7.822368144989014,-9.140069961547852,6424000
0.01674187183380127,-1.348741888999939,0.0,-5.543938636779785,-6.875938892364502,6435200
0.9164642095565796,-1.3482688665390015,3.0,10.499641418457031,10.06783676147461,6445600
0.019459079951047897,-1.3486908674240112,0.0,-5.7787981033325195,-7.108029842376709,6456800
3.0414745807647705,-1.3487279415130615,0.0,29.117908477783203,30.810653686523438,6468000
0.02105298452079296,-1.3482002019882202,0.0,-6.046079158782959,-7.373226642608643,6478400
0.016165301203727722,-1.3487071990966797,0.75,-5.216800212860107,-6.549342155456543,6489600
0.008524656295776367,-1.347684621810913,0.0,-3.8986103534698486,-5.237770080566406,6500800
0.8048663139343262,-1.3486965894699097,2.75,11.885908126831055,11.34207820892334,6511200
0.01657656580209732,-1.3478611707687378,0.3333333432674408,-5.625374794006348,-6.956659317016602,6522400
0.8116359710693359,-1.3479461669921875,3.6666667461395264,6.852725028991699,6.316414833068848,6532800
0.8316991329193115,-1.3482160568237305,4.0,7.40152645111084,6.885009765625,6544000
1.3563953638076782,-1.3481392860412598,7.333333492279053,18.353057861328125,18.36131477355957,6554400
0.03868715465068817,-1.3482692241668701,0.0,-9.137629508972168,-10.447212219238281,6565600
0.4204745292663574,-1.3489280939102173,0.0,-2.5300137996673584,-3.458467483520508,6576000
0.01083577424287796,-1.3484197854995728,0.0,-4.68451452255249,-6.022098541259766,6587200
0.022306155413389206,-1.3484474420547485,0.0,-6.753464221954346,-8.079606056213379,6597600
0.03913037106394768,-1.3482182025909424,0.5,-8.93152904510498,-10.240616798400879,6608000
1.426974892616272,-1.3482431173324585,0.3333333432674408,14.197250366210938,14.275982856750488,6619200
0.3637356162071228,-1.3483402729034424,6.0,-1.9954713582992554,-2.9800760746002197,6629600
0.713829755783081,-1.3488597869873047,0.5,5.23037052154541,4.595340728759766,6640800
0.2716473340988159,-1.3490169048309326,1.0,-2.1704423427581787,-3.247811794281006,6652000
0.03074929118156433,-1.349056363105774,0.0,-7.816331386566162,-9.134638786315918,6662400
0.023591138422489166,-1.349502682685852,1.0,-6.9657087326049805,-8.291620254516602,6673600
0.034113697707653046,-1.349200963973999,0.3333333432674408,-8.12579345703125,-9.44088077545166,6684000
0.29056450724601746,-1.3487728834152222,0.0,-4.190596103668213,-5.248804569244385,6695200
0.9172107577323914,-1.3482722043991089,0.0,6.068445205688477,5.637383460998535,6705600
0.02302231639623642,-1.3481581211090088,0.0,-7.391937255859375,-8.717073440551758,6716800
0.02880900911986828,-1.3486095666885376,0.0,-6.634749889373779,-7.954550266265869,6727200
0.8299406170845032,-1.3481987714767456,6.0,3.2948358058929443,2.7765774726867676,6738400
0.7174912691116333,-1.3480970859527588,5.5,5.349394798278809,4.718789100646973,6748800
0.019602850079536438,-1.347808837890625,0.5,-6.122477054595947,-7.450683116912842,6760000
0.019865097478032112,-1.3485230207443237,0.0,-5.9259490966796875,-7.254607200622559,6771200
0.02056659571826458,-1.348120093345642,0.3333333432674408,-5.681145668029785,-7.008699417114258,6781600
0.0167470071464777,-1.348164439201355,0.0,-4.906329154968262,-6.237746715545654,6792800
0.029544580727815628,-1.3477287292480469,0.0,-6.466469764709473,-7.784654140472412,6803200
0.020534789189696312,-1.3477104902267456,0.1666666716337204,-6.12777853012085,-7.454954147338867,6814400
0.7729346752166748,-1.347381591796875,2.75,4.587157249450684,4.0127105712890625,6825600
0.026811078190803528,-1.3471400737762451,0.0,-7.368679523468018,-8.689008712768555,6836800
0.03270373120903969,-1.3475909233093262,0.5,-7.937859535217285,-9.25274658203125,6847200
1.0054444074630737,-1.347333312034607,1.0,10.535362243652344,10.193473815917969,6858400
0.7627488970756531,-1.3472224473953247,11.0,7.008774280548096,6.424300670623779,6869600
0.8588536381721497,-1.3471488952636719,0.0,7.4799113273620605,6.991616249084473,6880000
0.7813720107078552,-1.3471719026565552,0.1428571492433548,1.0339815616607666,0.4681817293167114,6891200
0.037284933030605316,-1.347352147102356,0.6666666865348816,-7.7191948890686035,-9.02926254272461,6902400
0.02307954430580139,-1.3466225862503052,0.0,-6.8108696937561035,-8.13441276550293,6912800
1.0631635189056396,-1.3477855920791626,6.5,7.687526226043701,7.402904033660889,6924000
1.035478949546814,-1.3478649854660034,0.0,11.473557472229004,11.161170959472656,6934400
0.023624112829566002,-1.3475778102874756,1.5,-6.163011074066162,-7.486965179443359,6944800
0.020298147574067116,-1.3476024866104126,0.0,-5.86106014251709,-7.188364505767822,6956000
1.0045748949050903,-1.3482416868209839,2.200000047683716,10.61140251159668,10.267735481262207,6967200
0.684593915939331,-1.3479408025741577,11.0,6.479333877563477,5.8159871101379395,6977600
0.41198569536209106,-1.3466029167175293,6.0,-0.9847012758255005,-1.919318437576294,6988800
0.06132154166698456,-1.347399115562439,0.3333333432674408,-11.350126266479492,-12.63620376586914,6999200
1.0819835662841797,-1.3465847969055176,5.5,9.621312141418457,9.356710433959961,7010400
1.7288037538528442,-1.3475643396377563,0.5,21.83249855041504,22.21373748779297,7020800
0.044211626052856445,-1.3463112115859985,0.0,-9.637988090515137,-10.940088272094727,7032000
0.028612669557332993,-1.3465229272842407,0.0,-7.2331156730651855,-8.551026344299316,7043200
0.7784028053283691,-1.3465033769607544,1.0,6.608060359954834,6.039959907531738,7053600
1.3797122240066528,-1.3457962274551392,0.3333333432674408,13.73446273803711,13.768378257751465,7064000
1.2935466766357422,-1.3459522724151611,11.0,18.407611846923828,18.355205535888672,7075200
0.8900728821754456,-1.345349669456482,0.0,8.852682113647461,8.397405624389648,7085600
0.024869512766599655,-1.3456895351409912,0.0,-6.305167198181152,-7.6259870529174805,7096800
0.01080973818898201,-1.344539761543274,0.0,-4.802090167999268,-6.135819911956787,7108000
0.02778954617679119,-1.3453795909881592,0.0,-7.3584794998168945,-8.676069259643555,7118400
0.02487863227725029,-1.3434394598007202,0.3333333432674408,-6.744809150695801,-8.063369750976562,7129600
0.03770437836647034,-1.3431117534637451,0.0,-8.386088371276855,-9.691495895385742,7140000
0.056598059833049774,-1.342771291732788,0.5,-9.322200775146484,-10.60837459564209,7151200
0.02492656372487545,-1.342538833618164,0.0,-6.305984973907471,-7.623597145080566,7162400
0.03139819949865341,-1.3400890827178955,0.0,-7.764378070831299,-9.073068618774414,7172800
0.021861616522073746,-1.3445017337799072,0.0,-6.142658233642578,-7.465298652648926,7184000
0.9340316653251648,-1.3433480262756348,0.5,8.935883522033691,8.526567459106445,7194400
0.016085725277662277,-1.3429025411605835,0.0,-4.738122463226318,-6.064939498901367,7205600
0.7307918667793274,-1.343986988067627,5.5,7.124793529510498,6.511598587036133,7216000
0.8653292059898376,-1.3431600332260132,0.0,4.941904544830322,4.464073657989502,7227200
0.03283889964222908,-1.343171238899231,0.0,-6.944066524505615,-8.254399299621582,7237600
0.8578615188598633,-1.3436040878295898,0.0,5.656224250793457,5.1704816818237305,7248800
0.018468372523784637,-1.3423782587051392,0.5,-5.241808891296387,-6.565718650817871,7260000
0.03724022954702377,-1.3427531719207764,0.3333333432674408,-7.383928298950195,-8.689441680908203,7270400
0.029857205227017403,-1.3433359861373901,1.0,-6.460769176483154,-7.774248123168945,7280800
0.03162560239434242,-1.343711018562317,0.0,-7.367323875427246,-8.67940902709961,7291200
0.845310628414154,-1.3431886434555054,5.5,7.546340465545654,7.048462390899658,7302400
0.020777830854058266,-1.3435115814208984,0.0,-6.151060104370117,-7.473793983459473,7312800
0.033575769513845444,-1.3438166379928589,0.0,-7.7979559898376465,-9.108197212219238,7323200
0.04291260242462158,-1.344893217086792,0.5,-9.120522499084473,-10.422503471374512,7334400
0.6356900334358215,-1.3448654413223267,0.0,4.268388271331787,3.559213161468506,7344000
0.011747743003070354,-1.3455475568771362,0.0,-4.415710926055908,-5.749510765075684,7354400
0.01167779229581356,-1.3436559438705444,0.0,-4.553168296813965,-5.885146617889404,7364000
0.7012577652931213,-1.3452502489089966,0.0,5.8263044357299805,5.18231201171875,7374400
0.01615208573639393,-1.3446742296218872,1.0,-5.600444316864014,-6.928966522216797,7384000
0.014292417094111443,-1.3448820114135742,0.0,-4.715653419494629,-6.046243190765381,7394400
0.010083210654556751,-1.3447635173797607,0.0,-4.4517903327941895,-5.786470413208008,7403200
0.012924689799547195,-1.3451240062713623,0.0,-4.530915260314941,-5.863114356994629,7413600
0.7755311727523804,-1.3446558713912964,3.6666667461395264,6.655466079711914,6.086341381072998,7423200
0.0470818467438221,-1.3440513610839844,0.0,-9.64520263671875,-10.942172050476074,7432800
0.5290281772613525,-1.3441859483718872,1.0,0.7297407388687134,-0.08541703224182129,7441600
0.017072422429919243,-1.3453114032745361,0.0,-4.0716118812561035,-5.399850845336914,7452000
0.7910317182540894,-1.3439229726791382,0.0,10.412707328796387,9.859816551208496,7460800
0.7584057450294495,-1.3446722030639648,5.5,8.046598434448242,7.460331916809082,7471200
0.4809334874153137,-1.344614863395691,1.8333333730697632,-2.9554789066314697,-3.8191604614257812,7480800
0.0172245055437088,-1.3448249101638794,0.0,-5.1519927978515625,-6.479593276977539,7491200
0.014258289709687233,-1.3445526361465454,0.0,-4.400508403778076,-5.730802536010742,7500800
0.2961372137069702,-1.3441352844238281,0.5,-2.8134922981262207,-3.861490249633789,7511200
0.5207820534706116,-1.3451827764511108,0.0,3.082033634185791,2.2576327323913574,7520000
0.025732602924108505,-1.3444938659667969,0.0,-7.08583402633667,-8.404595375061035,7529600
0.025960171595215797,-1.3446344137191772,0.3333333432674408,-6.639334678649902,-7.958009243011475,7539200
0.02362239360809326,-1.344739556312561,0.0,-7.032705783843994,-8.353822708129883,7548800
0.03137347474694252,-1.3453466892242432,0.0,-7.599527359008789,-8.913500785827637,7559200
0.8518103361129761,-1.3452823162078857,11.0,9.390713691711426,8.897241592407227,7568800
0.02534574829041958,-1.3450428247451782,1.0,-7.125410079956055,-8.445107460021973,7578400
0.9228219985961914,-1.3450050354003906,6.5,8.12967300415039,7.707489967346191,7588000
0.6003223061561584,-1.345786213874817,12.0,2.7297723293304443,1.9843083620071411,7596800
0.016423512250185013,-1.3452365398406982,0.5,-4.276474952697754,-5.605287551879883,7607200
0.013720031827688217,-1.3472830057144165,0.0,-5.164121627807617,-6.497684478759766,7616000
1.655838966369629,-1.3461289405822754,11.0,22.628488540649414,22.938199996948242,7625600
0.02313714474439621,-1.3451380729675293,0.0,-6.358744144439697,-7.6807451248168945,7635200
0.4021959900856018,-1.3453598022460938,5.5,-0.3097586929798126,-1.252922534942627,7644800
0.016194168478250504,-1.3459606170654297,0.0,-5.307697296142578,-6.637463569641113,7653600
0.7341563105583191,-1.3454738855361938,0.0,1.1167250871658325,0.505407452583313,7663200
0.02023501880466938,-1.3450276851654053,0.3333333432674408,-6.214935779571533,-7.539728164672852,7672000
0.03774360194802284,-1.3447065353393555,0.0,-7.503445625305176,-8.810408592224121,7681600
2.0944671630859375,-1.3444738388061523,4.800000190734863,24.776020050048828,25.526012420654297,7691200
1.0214049816131592,-1.3453242778778076,0.0,5.998910427093506,5.674990653991699,7700000
0.04528312385082245,-1.344274878501892,0.0,-10.181415557861328,-11.480406761169434,7709600
0.03832792118191719,-1.3453642129898071,0.6666666865348816,-8.53977108001709,-9.846807479858398,7719200
0.05461497604846954,-1.3455984592437744,0.0,-9.4660005569458,-10.756983757019043,7728000
0.034310996532440186,-1.3453000783920288,0.0,-7.365147590637207,-8.67613697052002,7736800
0.03344481810927391,-1.345041275024414,0.3333333432674408,-8.421833992004395,-9.733430862426758,7745600
1.0156480073928833,-1.3446153402328491,0.0,8.568971633911133,8.240004539489746,7755200
0.020885683596134186,-1.3453178405761719,0.0,-5.551825046539307,-6.876257419586182,7764800
0.02439097873866558,-1.344014048576355,0.0,-7.135106563568115,-8.454729080200195,7774400
1.520400047302246,-1.3443523645401,7.666666507720947,16.852603912353516,17.02865219116211,7784000
0.06268001347780228,-1.3441756963729858,0.25,-10.916693687438965,-12.198188781738281,7792800
0.03871775045990944,-1.3438867330551147,0.0,-8.546735763549805,-9.851903915405273,7802400
0.09822601824998856,-1.3446542024612427,0.0,-8.910677909851074,-10.157106399536133,7811200
0.038359418511390686,-1.344860553741455,0.0,-8.129416465759277,-9.435916900634766,7820800
0.022855663672089577,-1.3450372219085693,0.0,-6.590802192687988,-7.9129838943481445,7830400
0.023287812247872353,-1.345064640045166,1.0,-6.13656759262085,-7.458344459533691,7840000
0.039513759315013885,-1.3435949087142944,0.1666666716337204,-8.046759605407715,-9.35084056854248,7848800
1.0750447511672974,-1.343812108039856,0.20000000298023224,8.012297630310059,7.7435302734375,7858400
0.012829946354031563,-1.3451125621795654,0.0,-4.504327774047852,-5.836610794067383,7868000
0.020584072917699814,-1.3455469608306885,0.0,-4.8850884437561035,-6.210051536560059,7876800
0.01768753118813038,-1.346665620803833,0.0,-5.550414562225342,-6.879392623901367,7887200
0.012571224011480808,-1.3462997674942017,0.5,-3.9083261489868164,-5.242054462432861,7896800
0.03064422681927681,-1.344902753829956,0.0,-7.44403600692749,-8.758294105529785,7906400
1.0087250471115112,-1.345018744468689,0.0,10.7730131149292,10.43671989440918,7915200
0.42250335216522217,-1.3446006774902344,3.6666667461395264,-0.8593834042549133,-1.7814807891845703,7924800
0.018002182245254517,-1.3455336093902588,0.0,-5.431270599365234,-6.75880241394043,7934400
0.021545741707086563,-1.3448145389556885,0.0,-6.159973621368408,-7.483242034912109,7943200
1.0410218238830566,-1.3442727327346802,4.0,9.898681640625,9.595430374145508,7952800
0.9667633175849915,-1.3446810245513916,0.0,9.648963928222656,9.27104663848877,7962400
0.3549147844314575,-1.343641757965088,3.0,-2.6624412536621094,-3.6511683464050293,7972000
0.029869193211197853,-1.3448147773742676,0.0,-7.6943793296813965,-9.00932502746582,7980800
0.014180285856127739,-1.3455336093902588,0.0,-4.4251813888549805,-5.756534576416016,7991200
2.038729429244995,-1.3449552059173584,0.0,21.52067756652832,22.21445083618164,8000000
0.05280228704214096,-1.344088077545166,0.3333333432674408,-10.426393508911133,-11.717679977416992,8009600
1.716878056526184,-1.3447948694229126,0.0,23.26445960998535,23.63654327392578,8019200
1.5836544036865234,-1.344893455505371,6.5,20.182729721069336,20.421489715576172,8028000
0.8403310179710388,-1.3435033559799194,6.0,6.790322303771973,6.287149906158447,8037600
0.941200852394104,-1.344251275062561,3.6666667461395264,8.232380867004395,7.829330921173096,8047200
0.035847265273332596,-1.3444297313690186,0.3333333432674408,-8.210596084594727,-9.51917839050293,8056800
0.02713305503129959,-1.3449654579162598,0.0,-7.039488315582275,-8.357320785522461,8065600
0.024278799071907997,-1.345397710800171,0.0,-6.400636196136475,-7.721755027770996,8075200
0.9132115840911865,-1.344207525253296,0.25,7.533824443817139,7.102828025817871,8084000
1.0019172430038452,-1.3448113203048706,0.0,9.802133560180664,9.45923900604248,8093600
0.03718344122171402,-1.345356822013855,0.4000000059604645,-6.565030097961426,-7.873203754425049,8103200
0.022646361961960793,-1.3455158472061157,0.0,-5.8931884765625,-7.216057777404785,8112000
0.024908356368541718,-1.3450100421905518,0.0,-7.190975666046143,-8.511076927185059,8121600
1.031830072402954,-1.3461164236068726,6.800000190734863,6.788039207458496,6.473752498626709,8131200
0.5045741200447083,-1.3460144996643066,0.0,1.5228980779647827,0.6814577579498291,8140800
0.025739559903740883,-1.3462411165237427,0.0,-7.156364440917969,-8.476865768432617,8149600
0.03238966688513756,-1.3456952571868896,0.5,-7.681416034698486,-8.994721412658691,8159200
0.02883928082883358,-1.3444563150405884,0.0,-7.0650434494018555,-8.380661010742188,8168800
0.02769920788705349,-1.3456904888153076,0.0,-6.557306289672852,-7.875297546386719,8177600
0.04282175004482269,-1.345672369003296,0.5,-8.922401428222656,-10.225252151489258,8187200
0.9964631795883179,-1.3429147005081177,2.4000000953674316,5.5092692375183105,5.16281795501709,8196800
0.6335315108299255,-1.3454145193099976,11.0,2.804556369781494,2.0926733016967773,8205600
0.2718764841556549,-1.3456851243972778,0.0,-3.2881267070770264,-4.361935138702393,8215200
0.9353488087654114,-1.3458294868469238,1.5,10.114596366882324,9.70411491394043,8224000
0.057526957243680954,-1.346091628074646,0.5,-5.511396408081055,-6.799961090087891,8233600
0.6239940524101257,-1.344843864440918,1.0,2.3374109268188477,1.6165611743927002,8243200
0.018271662294864655,-1.346051812171936,0.0,-5.468432903289795,-6.796213150024414,8252800
0.47344839572906494,-1.344283103942871,0.0,-0.3092227876186371,-1.1800575256347656,8261600
0.5782942175865173,-1.3457608222961426,0.6666666865348816,1.5771400928497314,0.809673547744751,8271200
0.027278879657387733,-1.3446723222732544,0.0,-7.258978366851807,-8.576372146606445,8280000
0.6782864332199097,-1.3446176052093506,0.0,3.7881839275360107,3.1218526363372803,8289600
0.021667886525392532,-1.3454508781433105,0.20000000298023224,-6.305752754211426,-7.629535675048828,8299200
0.8257629871368408,-1.3441799879074097,0.0,6.554733753204346,6.036316871643066,8308000
0.027518656104803085,-1.3441693782806396,0.0,-7.574619770050049,-8.891270637512207,8317600
1.1056815385818481,-1.3447380065917969,0.0,9.510530471801758,9.27147388458252,8326400
0.028765374794602394,-1.3450525999069214,0.0,-7.4320454597473145,-8.748332977294922,8336000
0.9573373198509216,-1.3443992137908936,0.0,8.596845626831055,8.209783554077148,8345600
0.017542608082294464,-1.3453881740570068,0.0,-5.272352695465088,-6.600197792053223,8354400
0.9582535028457642,-1.3442938327789307,0.0,9.922184944152832,9.536145210266113,8363200
0.023614047095179558,-1.3436599969863892,0.0,-6.686523914337158,-8.006569862365723,8372800
0.7220616340637207,-1.3443228006362915,0.0,3.310211181640625,2.6879501342773438,8381600
1.9153019189834595,-1.3436042070388794,4.0,24.906404495239258,25.47810173034668,8391200
1.0359364748001099,-1.3442001342773438,0.6666666865348816,8.58724594116211,8.278982162475586,8400800
0.030159352347254753,-1.3439605236053467,0.3333333432674408,-6.6373772621154785,-7.951178550720215,8409600
0.8804857134819031,-1.3442630767822266,5.5,8.989099502563477,8.525321960449219,8419200
0.0880618765950203,-1.3439998626708984,3.6666667461395264,-6.825377464294434,-8.081315994262695,8428000
0.8563723564147949,-1.3440117835998535,6.0,8.490561485290527,8.002922058105469,8437600
0.014558853581547737,-1.3441455364227295,0.0,-5.370410442352295,-6.6999969482421875,8446400
0.012351810932159424,-1.3441826105117798,0.0,-4.742638111114502,-6.074468612670898,8456000
0.012641084380447865,-1.3442929983139038,0.0,-3.322359085083008,-4.654010772705078,8464800
0.42654022574424744,-1.3442808389663696,0.5,0.6322585940361023,-0.2854820489883423,8474400
0.7059934139251709,-1.3448905944824219,5.5,3.954354763031006,3.315457344055176,8483200
0.7805849313735962,-1.3442139625549316,0.0,3.221379280090332,2.657750129699707,8492800
0.03385966643691063,-1.3440040349960327,0.5,-7.578125476837158,-8.888269424438477,8501600
0.019513001665472984,-1.3448426723480225,0.0,-5.668219089508057,-6.993548393249512,8510400
0.027631813660264015,-1.3447468280792236,0.5,-6.946229457855225,-8.263344764709473,8520000
0.018165433779358864,-1.344925045967102,0.0,-5.866551399230957,-7.193310737609863,8528800
0.5085493922233582,-1.3439478874206543,4.0,1.6211143732070923,0.7857158184051514,8538400
0.010139238089323044,-1.3445074558258057,0.0,-4.2054548263549805,-5.539822578430176,8547200
0.011577850207686424,-1.3451180458068848,0.5,-4.486488342285156,-5.820028305053711,8556800
0.18616408109664917,-1.3442527055740356,0.3333333432674408,-5.866281986236572,-7.0243706703186035,8565600
0.7105146646499634,-1.3445959091186523,0.3333333432674408,5.125649929046631,4.491568565368652,8574400
1.4407247304916382,-1.3446650505065918,1.0,16.114013671875,16.210073471069336,8584000
1.715301513671875,-1.3440827131271362,2.4000000953674316,16.510784149169922,16.882003784179688,8592800
0.02824726141989231,-1.3448820114135742,0.0,-7.3629984855651855,-8.679633140563965,8601600
1.6057885885238647,-1.3445425033569336,1.8333333730697632,13.727683067321777,13.98892879486084,8611200
0.8937240839004517,-1.3453606367111206,4.333333492279053,8.482297897338867,8.030661582946777,8620000
0.034261561930179596,-1.3449325561523438,0.0,-7.0490851402282715,-8.359756469726562,8628800
0.031408220529556274,-1.3449989557266235,0.5,-7.153799533843994,-8.467390060424805,8638400
0.7814687490463257,-1.3453072309494019,5.5,5.909450531005859,5.345612049102783,8648000
0.8421915173530579,-1.3444766998291016,11.0,8.164008140563965,7.6617231369018555,8656800
0.6373557448387146,-1.3448318243026733,0.0,2.066222667694092,1.3587466478347778,8665600
0.022716792300343513,-1.3460160493850708,0.0,-6.462460041046143,-7.785758972167969,8675200
1.2533910274505615,-1.3459750413894653,5.5,10.938304901123047,10.845721244812012,8684800
0.02500717155635357,-1.3438701629638672,0.0,-6.770096778869629,-8.088959693908691,8693600
0.012591655366122723,-1.3453294038772583,0.0,-4.513828277587891,-5.8465657234191895,8702400
0.9043721556663513,-1.344011664390564,3.6666667461395264,8.009279251098633,7.569639682769775,8712000
1.894965410232544,-1.3452191352844238,0.0,26.629562377929688,27.179309844970703,8720800
1.849859356880188,-1.3447622060775757,5.5,26.320159912109375,26.82525634765625,8729600
0.6736817955970764,-1.3451396226882935,0.0,3.02707839012146,2.3556203842163086,8739200
0.018965287134051323,-1.345182180404663,0.0,-5.8187994956970215,-7.145016670227051,8748000
0.017689354717731476,-1.3455042839050293,0.0,-5.563312530517578,-6.891127586364746,8757600
0.011119607836008072,-1.3454113006591797,0.0,-3.7392666339874268,-5.073558330535889,8766400
0.9637703895568848,-1.3452106714248657,0.0,10.45153522491455,10.07009506225586,8776000
0.012299375608563423,-1.3453831672668457,0.0,-5.153906345367432,-6.486989974975586,8784800
0.011869155801832676,-1.3463276624679565,0.0,-4.45829439163208,-5.792753219604492,8793600
4.130526065826416,-1.3464512825012207,2.75,43.93838882446289,46.72246551513672,8803200
0.012975911609828472,-1.3459606170654297,0.0,-5.081640720367432,-6.414625644683838,8812000
1.144004225730896,-1.3458621501922607,2.75,9.25659465789795,9.054736137390137,8821600
0.4000372588634491,-1.3459986448287964,3.6666667461395264,-2.108964204788208,-3.0549254417419434,8830400
0.02617098018527031,-1.345916748046875,0.1666666716337204,-7.206766128540039,-8.526512145996094,8840000
0.009092610329389572,-1.3465858697891235,0.0,-3.660888671875,-4.998382091522217,8848800
0.8204411268234253,-1.3459774255752563,5.5,6.634479999542236,6.108943939208984,8858400
0.01340043731033802,-1.3464438915252686,0.0,-5.121435165405273,-6.4544782638549805,8867200
0.018235623836517334,-1.346366047859192,0.0,-5.291769027709961,-6.619899272918701,8876000
0.01080346293747425,-1.3471064567565918,0.0,-2.927647590637207,-4.263950347900391,8885600
0.015285170637071133,-1.347057819366455,0.0,-5.443742275238037,-6.775515079498291,8894400
0.0159369558095932,-1.3469641208648682,0.0,-5.195462703704834,-6.526490211486816,8904000
1.002290964126587,-1.3464210033416748,0.0,12.016542434692383,11.672411918640137,8912800
0.21162208914756775,-1.347061276435852,5.5,-2.87178111076355,-4.007220268249512,8922400
0.7711640000343323,-1.3466260433197021,2.75,4.022754192352295,3.4472920894622803,8931200
0.9560108184814453,-1.3462306261062622,0.5,7.799830913543701,7.409611701965332,8940000
0.02247740514576435,-1.3472050428390503,0.0,-6.727723598480225,-8.052451133728027,8948800
0.01750141754746437,-1.3463401794433594,0.0,-4.990629196166992,-6.319468021392822,8957600
0.026723351329565048,-1.3460090160369873,0.0,-6.119751930236816,-7.439037322998047,8967200
0.014154921285808086,-1.347035527229309,0.0,-5.30213737487793,-6.6350178718566895,8976000
0.6795012354850769,-1.3468992710113525,11.0,4.077251434326172,3.409853219985962,8985600
0.014948953874409199,-1.347130298614502,1.0,-5.052396774291992,-6.384578227996826,8995200
0.02096591517329216,-1.3474129438400269,0.0,-6.952223300933838,-8.278670310974121,9004000
0.19060733914375305,-1.3462069034576416,0.0,-5.402092933654785,-6.557692527770996,9012800
0.011856760829687119,-1.347200870513916,0.0,-4.942729949951172,-6.278074264526367,9022400
0.8570875525474548,-1.346402883529663,1.0,6.092221260070801,5.602906227111816,9031200
0.019513176754117012,-1.3466837406158447,0.0,-5.664953708648682,-6.992124557495117,9040000
0.01691349409520626,-1.3467166423797607,0.0,-5.8814191818237305,-7.2112226486206055,9049600
0.019982166588306427,-1.3469310998916626,1.0,-5.8267741203308105,-7.153722763061523,9058400
0.7002352476119995,-1.3474700450897217,0.0,3.476015567779541,2.8287808895111084,9067200
0.8819589018821716,-1.3479485511779785,0.0,6.330907344818115,5.864917755126953,9076800
0.151475191116333,-1.3472270965576172,0.3333333432674408,-4.028642177581787,-5.224393844604492,9085600
0.01466275006532669,-1.3470109701156616,0.0,-4.986079692840576,-6.318428039550781,9095200
0.9603899717330933,-1.3467124700546265,0.25,9.17307186126709,8.786749839782715,9104000
0.027031095698475838,-1.346195936203003,0.0,-5.711709499359131,-7.030874252319336,9113600
1.1821590662002563,-1.3461235761642456,0.0,13.235339164733887,13.071374893188477,9122400
1.3746501207351685,-1.3461973667144775,5.5,12.27939224243164,12.307845115661621,9132000
0.827426552772522,-1.347684621810913,0.0,5.002407550811768,4.482149124145508,9140800
0.017945557832717896,-1.3465110063552856,0.0,-5.520068168640137,-6.848633289337158,9149600
0.2629757225513458,-1.3463659286499023,0.0,-3.9599478244781494,-5.043337821960449,9159200
0.8511750102043152,-1.3462586402893066,0.5,8.39399528503418,7.898911952972412,9168000
0.04377179965376854,-1.3464654684066772,0.3333333432674408,-8.665444374084473,-9.968137741088867,9177600
0.5412986278533936,-1.34761643409729,2.4000000953674316,-2.630105972290039,-3.4364237785339355,9186400
0.8485837578773499,-1.346732258796692,0.6666666865348816,5.22847843170166,4.730329990386963,9195200
0.013634992763400078,-1.3473246097564697,0.0,-3.4112112522125244,-4.744900703430176,9204800
1.0001237392425537,-1.345604419708252,11.0,12.745984077453613,12.400503158569336,9213600
0.02873583883047104,-1.3466485738754272,1.0,-6.80138635635376,-8.119298934936523,9223200
0.026518916711211205,-1.3457303047180176,0.0,-5.808527946472168,-7.127739429473877,9232000
0.6153861284255981,-1.3463213443756104,0.0,1.532660961151123,0.8017256259918213,9241600
0.6057376861572266,-1.3458913564682007,0.5,-1.1678948402404785,-1.9080485105514526,9250400
0.02455725707113743,-1.3472167253494263,0.0,-6.260695457458496,-7.583354949951172,9259200
0.3748384118080139,-1.34727942943573,11.0,-2.593494415283203,-3.5659356117248535,9268800
0.019045813009142876,-1.3471041917800903,0.0,-5.400866985321045,-6.7289252281188965,9277600
0.029215574264526367,-1.347424030303955,0.0,-6.524893760681152,-7.843101978302002,9286400
1.9862788915634155,-1.3461387157440186,3.0,26.31236457824707,26.952505111694336,9296000
2.048745632171631,-1.3450905084609985,11.0,28.07232666015625,28.775981903076172,9304800
0.027592064812779427,-1.3458651304244995,0.0,-6.777261734008789,-8.095534324645996,9314400
0.8970046639442444,-1.3456770181655884,4.0,9.134147644042969,8.68547534942627,9323200
0.3902789056301117,-1.3463332653045654,2.4000000953674316,-4.206803798675537,-5.162858009338379,9332800
0.8428936004638672,-1.3449374437332153,7.333333492279053,4.854471206665039,4.3524274826049805,9341600
1.9430837631225586,-1.345527172088623,1.0,27.545886993408203,28.143444061279297,9350400
0.9936373233795166,-1.3459455966949463,11.0,10.113061904907227,9.760753631591797,9360000
0.02740619331598282,-1.3477572202682495,0.0,-6.133157730102539,-7.4535088539123535,9368800
0.043204016983509064,-1.3469899892807007,1.3333333730697632,-8.093740463256836,-9.397525787353516,9378400
0.02880505844950676,-1.3459136486053467,0.0,-6.756144046783447,-8.07325267791748,9387200
0.023254932835698128,-1.3475335836410522,0.0,-5.591073513031006,-6.9153523445129395,9396800
0.6516005396842957,-1.3457626104354858,4.0,1.8305473327636719,1.1363853216171265,9405600
0.024113792926073074,-1.3469840288162231,0.0,-7.323638439178467,-8.646509170532227,9414400
0.9519563317298889,-1.3456529378890991,0.0,6.1610236167907715,5.767326831817627,9424000
0.21263030171394348,-1.3457175493240356,0.20000000298023224,-4.785130977630615,-5.91821813583374,9432800
0.051021359860897064,-1.3450734615325928,0.3333333432674408,-10.525994300842285,-11.820046424865723,9442400
0.044307105243206024,-1.345924973487854,0.0,-9.024125099182129,-10.325743675231934,9451200
0.8378254771232605,-1.345613718032837,11.0,7.592533588409424,7.084745407104492,9460800
0.12350450456142426,-1.345711350440979,0.0,-8.3233642578125,-9.545571327209473,9469600
0.023836703971028328,-1.3453766107559204,0.0,-6.737367630004883,-8.058907508850098,9478400
0.028675466775894165,-1.345823049545288,0.0,-7.18457555770874,-8.501723289489746,9488000
0.02144569531083107,-1.3458271026611328,0.0,-6.207475185394287,-7.531856536865234,9496800
0.03181295469403267,-1.3473821878433228,0.0,-7.584508419036865,-8.900077819824219,9506400
1.0002155303955078,-1.3450158834457397,6.0,10.036681175231934,9.69188117980957,9515200
0.030041152611374855,-1.3461568355560303,0.0,-7.804205417633057,-9.120321273803711,9524800
0.862255334854126,-1.3454927206039429,2.75,4.252893447875977,3.769655704498291,9533600
0.029023800045251846,-1.3462636470794678,0.0,-6.313002109527588,-7.630242347717285,9543200
2.8938426971435547,-1.3442714214324951,5.5,40.8288688659668,42.37843704223633,9552000
0.031247150152921677,-1.3469140529632568,0.0,-7.318056106567383,-8.633723258972168,9561600
1.7835495471954346,-1.3470901250839233,0.0,14.557117462158203,14.99357795715332,9570400
0.5477287769317627,-1.346672773361206,0.25,0.35233989357948303,-0.4466041326522827,9580000
0.032157815992832184,-1.34515380859375,0.0,-7.8681488037109375,-9.181144714355469,9589600
0.8889104127883911,-1.3461812734603882,0.0,7.112522602081299,6.655251979827881,9598400
0.02409520372748375,-1.3472356796264648,0.0,-6.486133098602295,-7.809273719787598,9607200
1.0478789806365967,-1.3471523523330688,11.0,7.002174377441406,6.702901363372803,9616800
0.021025046706199646,-1.3455439805984497,0.0,-5.891229629516602,-7.215748310089111,9625600
0.018093591555953026,-1.3474355936050415,1.0,-5.1662917137146,-6.495633602142334,9635200
1.0000462532043457,-1.3470523357391357,0.0,9.713632583618164,9.366625785827637,9644000
0.18303503096103668,-1.3464205265045166,2.75,-5.319564342498779,-6.482950210571289,9653600
0.6215308904647827,-1.3456954956054688,6.0,0.6846979260444641,-0.03946661949157715,9662400
0.622987687587738,-1.345978021621704,2.200000047683716,-0.4876059591770172,-1.2105963230133057,9672000
0.025590328499674797,-1.3466815948486328,0.3333333432674408,-6.816067695617676,-8.13715934753418,9680800
0.018852094188332558,-1.3471739292144775,0.0,-4.5033392906188965,-5.831661224365234,9690400
0.027344632893800735,-1.3464044332504272,0.0,-7.574660301208496,-8.893719673156738,9700000
0.40321317315101624,-1.34697425365448,1.0,-0.9237608313560486,-1.86752188205719,9708800
1.0467718839645386,-1.3474687337875366,5.5,11.293442726135254,10.992746353149414,9717600
2.170436382293701,-1.3481180667877197,0.0,27.878829956054688,28.701148986816406,9726400
0.021117717027664185,-1.347257375717163,0.0,-5.878537178039551,-7.204676628112793,9736000
0.019074197858572006,-1.3469796180725098,0.0,-5.829349517822266,-7.157255172729492,9744800
0.2514382600784302,-1.3477795124053955,0.0,-2.3283746242523193,-3.424715757369995,9754400
0.03009422868490219,-1.3480111360549927,0.6666666865348816,-6.438509941101074,-7.756426811218262,9763200
0.030092179775238037,-1.3468101024627686,0.0,-7.230353832244873,-8.54707145690918,9772000
0.03161844611167908,-1.3471087217330933,0.0,-7.420539379119873,-8.736029624938965,9781600
0.0290818028151989,-1.3466275930404663,0.0,-7.2683024406433105,-8.585847854614258,9790400
0.18364298343658447,-1.3464747667312622,0.0,-4.231607913970947,-5.394439697265625,9800000
0.04793842136859894,-1.3468252420425415,0.0,-8.590119361877441,-9.889006614685059,9808800
0.6459826231002808,-1.3454861640930176,0.0,1.3883388042449951,0.6888351440429688,9817600
0.04892271012067795,-1.3459419012069702,0.3333333432674408,-9.872498512268066,-11.169517517089844,9827200
0.6922779679298401,-1.34640634059906,5.5,3.703378915786743,3.049250602722168,9836000
0.02836579456925392,-1.3454399108886719,0.0,-6.4443159103393555,-7.761390209197998,9845600
0.03246281296014786,-1.34694504737854,0.0,-7.269366264343262,-8.58384895324707,9854400
0.02102091908454895,-1.3470349311828613,0.0,-6.780722141265869,-8.106736183166504,9863200
0.025939341634511948,-1.347206711769104,0.0,-7.241275787353516,-8.562542915344238,9872800
0.02949821949005127,-1.346555471420288,0.0,-6.918942451477051,-8.236000061035156,9882400
1.1547834873199463,-1.3464062213897705,0.0,12.75970458984375,12.568081855773926,9892000
0.9542213082313538,-1.3456382751464844,0.0,7.371575355529785,6.980158805847168,9900800
0.030529186129570007,-1.3459137678146362,0.0,-7.287125587463379,-8.602510452270508,9910400
0.8827665448188782,-1.3464330434799194,11.0,7.877788543701172,7.414122104644775,9920000
0.792725682258606,-1.3472641706466675,0.0,1.260310173034668,0.7057715654373169,9928800
0.033318206667900085,-1.3460805416107178,0.0,-7.500938892364502,-8.813701629638672,9937600
1.1999435424804688,-1.3452531099319458,1.0,10.903362274169922,10.758052825927734,9947200
0.03320613130927086,-1.3463871479034424,0.0,-7.1975531578063965,-8.510734558105469,9956000
0.5172052979469299,-1.347238540649414,1.0,-0.09805520623922348,-0.9280884265899658,9964800
0.03204382210969925,-1.3470014333724976,0.0,-7.057233810424805,-8.372191429138184,9974400
0.04676099866628647,-1.3465019464492798,0.6666666865348816,-8.643199920654297,-9.942941665649414,9983200
0.030853131785988808,-1.346415400505066,0.0,-7.8223161697387695,-9.13787841796875,9992800
0.10620245337486267,-1.3459216356277466,11.0,-6.061440467834473,-7.301159381866455,10002400
