baseline_loss,entropy_loss,mean_episode_return,pg_loss,total_loss,frame
27.444211959838867,-0.0016762784216552973,0.0,0.07245159149169922,27.514986038208008,4800
568.4837646484375,-0.0794927105307579,0.0,5.313992500305176,573.71826171875,11200
81.46160888671875,-0.061169132590293884,0.0,-0.9688728451728821,80.43156433105469,21600
37.454322814941406,-0.05499613657593727,0.0,-0.7525002360343933,36.646827697753906,32800
2.479578733444214,-0.2840501070022583,0.0,1.3551905155181885,3.5507192611694336,44000
3.4048540592193604,-0.35418570041656494,0.0,0.12613223493099213,3.1768007278442383,55200
0.21254822611808777,-1.1278642416000366,0.0,-0.32565465569496155,-1.2409706115722656,66400
2.7005109786987305,-1.0457665920257568,0.0,10.483348846435547,12.138092994689941,77600
2.5950238704681396,-0.6881842613220215,0.0,11.612594604492188,13.519433975219727,89600
1.428796648979187,-0.69434654712677,1.0,-0.2413179576396942,0.4931321144104004,100800
0.768040657043457,-0.6199221014976501,0.0,-2.888209104537964,-2.7400906085968018,112000
0.07886475324630737,-0.8734657168388367,0.3333333432674408,-0.9242827296257019,-1.718883752822876,123200
0.13955272734165192,-1.1589341163635254,0.0,0.5572128891944885,-0.46216851472854614,135200
0.20855045318603516,-1.160767912864685,0.0,2.5336570739746094,1.5814396142959595,146400
0.3691309988498688,-1.1809879541397095,0.0,-0.9799069762229919,-1.7917639017105103,157600
0.30572310090065,-1.1850558519363403,0.0,-0.22492478787899017,-1.104257583618164,168800
0.370175838470459,-1.2347620725631714,0.0,-1.8711413145065308,-2.735727548599243,180800
0.25869935750961304,-1.2741320133209229,5.5,1.929223656654358,0.9137909412384033,192000
0.13493461906909943,-1.2908064126968384,0.0,0.8014970421791077,-0.3543747663497925,203200
0.3180292844772339,-1.247633457183838,0.0,-0.709318995475769,-1.638923168182373,215200
0.439181923866272,-1.2934951782226562,2.4000000953674316,4.372947692871094,3.51863431930542,226400
0.626593291759491,-1.276418685913086,0.0,8.048335075378418,7.398509979248047,237600
0.09011460840702057,-1.264296054840088,0.0,-3.1539504528045654,-4.328131675720215,248800
0.6506874561309814,-1.2947285175323486,0.0,4.272993087768555,3.6289517879486084,260800
0.18101125955581665,-1.2816944122314453,0.0,-1.4217722415924072,-2.5224554538726807,272000
0.04232202470302582,-1.327455997467041,0.0,-0.4997900426387787,-1.784924030303955,283200
0.054573290050029755,-1.318510890007019,0.0,-3.5379867553710938,-4.801924228668213,294400
0.09306646138429642,-1.3282928466796875,0.0,-3.031435251235962,-4.266661643981934,306400
0.3493213355541229,-1.3241069316864014,0.0,-2.780851364135742,-3.7556369304656982,317600
0.057469435036182404,-1.3203186988830566,0.0,-3.4851796627044678,-4.748028755187988,329600
0.5441747903823853,-1.312827467918396,0.0,-4.281867980957031,-5.050520896911621,340800
0.33922526240348816,-1.3283668756484985,0.5,7.391230583190918,6.4020891189575195,352000
0.05618419498205185,-1.3087313175201416,0.0,-3.038317918777466,-4.290864944458008,363200
0.1652819961309433,-1.3303794860839844,0.3333333432674408,-5.202905654907227,-6.3680033683776855,374400
0.1507004350423813,-1.3269327878952026,0.0,-5.819029808044434,-6.995262145996094,385600
0.010197969153523445,-1.339627981185913,0.0,-0.7768272161483765,-2.106257200241089,396800
0.12206580489873886,-1.3357058763504028,0.0,-4.834573745727539,-6.048213481903076,408800
0.03584904596209526,-1.3370649814605713,0.3333333432674408,-2.1201860904693604,-3.4214019775390625,420000
0.04518593102693558,-1.328178882598877,0.0,-3.504842519760132,-4.787835121154785,431200
0.27438637614250183,-1.3404080867767334,0.0,2.1957497596740723,1.129728078842163,443200
0.04207639768719673,-1.338287115097046,0.0,-3.4294419288635254,-4.725652694702148,454400
0.30293604731559753,-1.3293861150741577,0.0,3.517444610595703,2.490994453430176,466400
0.8520941138267517,-1.3358656167984009,0.0,13.919543266296387,13.435770988464355,477600
0.04437435790896416,-1.334394097328186,0.0,-0.2714747190475464,-1.5614944696426392,488800
0.022830108180642128,-1.3375924825668335,0.0,-1.9653592109680176,-3.2801215648651123,500800
0.25802141427993774,-1.3375556468963623,11.0,4.131046772003174,3.0515124797821045,512800
0.019815968349575996,-1.3392618894577026,0.0,0.11300309747457504,-1.2064428329467773,524000
0.08217648416757584,-1.3383920192718506,0.5,-3.1685659885406494,-4.424781799316406,535200
0.3743566572666168,-1.3364439010620117,0.5,4.886985778808594,3.924898624420166,546400
0.013342895545065403,-1.3365669250488281,0.0,-0.7434902787208557,-2.066714286804199,558400
0.030976571142673492,-1.3349730968475342,0.0,-1.341921091079712,-2.6459176540374756,569600
0.3378560543060303,-1.338191032409668,6.0,5.214691638946533,4.214356422424316,581600
0.9863964915275574,-1.3374052047729492,0.0,10.945313453674316,10.594305038452148,592800
0.01117059774696827,-1.3373985290527344,0.0,-0.949025571346283,-2.2752535343170166,604000
0.10688606649637222,-1.3337838649749756,0.0,1.604463815689087,0.37756597995758057,616000
0.568677544593811,-1.3339273929595947,2.0,3.605729818344116,2.840480089187622,627200
0.008445675484836102,-1.3374407291412354,0.0,-1.1792857646942139,-2.5082807540893555,638400
0.2716357111930847,-1.3384754657745361,12.0,0.32699012756347656,-0.7398496270179749,650400
0.51926189661026,-1.3449020385742188,3.6666667461395264,9.557839393615723,8.732199668884277,661600
0.02196713536977768,-1.3342498540878296,0.0,-3.375295877456665,-4.6875786781311035,672800
0.0068869823589921,-1.3379807472229004,0.0,-1.6070411205291748,-2.9381349086761475,684800
0.01710404083132744,-1.327179193496704,0.0,-2.265145778656006,-3.575220823287964,696000
0.010235982947051525,-1.3345125913619995,0.0,-1.3551350831985474,-2.6794116497039795,707200
0.030351649969816208,-1.3371131420135498,0.0,-0.15602019429206848,-1.4627816677093506,719200
0.7370879054069519,-1.3393832445144653,1.0,10.787995338439941,10.185700416564941,730400
0.03250715136528015,-1.3382831811904907,0.0,-3.5630486011505127,-4.868824481964111,741600
0.29480376839637756,-1.341140866279602,0.0,3.758366823196411,2.7120299339294434,753600
0.20108434557914734,-1.3429409265518188,5.5,2.4780075550079346,1.3361510038375854,764800
0.02249089814722538,-1.3396705389022827,0.0,-4.475747585296631,-5.792927265167236,776800
0.014557378366589546,-1.3382682800292969,0.0,-0.4043200612068176,-1.7280309200286865,788000
0.3824160695075989,-1.3377424478530884,0.5,5.78062105178833,4.8252949714660645,800000
0.01200171746313572,-1.3382892608642578,0.0,-1.532883644104004,-2.859171152114868,811200
0.3324587643146515,-1.3439687490463257,12.0,5.071005344390869,4.059495449066162,822400
0.009032264351844788,-1.3453201055526733,0.0,-0.5399790406227112,-1.8762669563293457,833600
0.028009844943881035,-1.3396575450897217,0.0,-4.49485445022583,-5.806502342224121,845600
0.013268697075545788,-1.343652606010437,0.0,-1.585845947265625,-2.916229724884033,856800
0.005194781813770533,-1.3465838432312012,0.0,-0.7354224324226379,-2.0768115520477295,868000
0.005300312768667936,-1.343457579612732,0.0,0.27385637164115906,-1.0643008947372437,880000
0.323149710893631,-1.3427886962890625,5.5,2.397690534591675,1.378051519393921,891200
0.008099530823528767,-1.3450859785079956,0.0,-2.208513021469116,-3.545499324798584,903200
0.009055128321051598,-1.347622036933899,0.0,-1.4719057083129883,-2.8104724884033203,914400
0.647132933139801,-1.3459742069244385,1.0,9.518043518066406,8.819202423095703,925600
0.00683386018499732,-1.3453164100646973,0.0,-1.7531046867370605,-3.0915870666503906,937600
0.011909878812730312,-1.347015142440796,0.0,-0.6145883798599243,-1.9496936798095703,948800
0.03590996190905571,-1.3456014394760132,0.0,-6.032900333404541,-7.342591762542725,960000
0.0035703349858522415,-1.3463146686553955,0.0,0.02447996661067009,-1.318264365196228,972000
0.05076582729816437,-1.3431488275527954,0.0,-8.157215118408203,-9.44959831237793,983200
0.015025866217911243,-1.342806339263916,0.0,-5.096088409423828,-6.423868656158447,994400
0.01857541687786579,-1.343860387802124,0.0,-3.551178216934204,-4.876462936401367,1005600
0.009842478670179844,-1.3426202535629272,0.0,-3.578329563140869,-4.911107540130615,1017600
0.025474844500422478,-1.3367180824279785,0.0,-3.495877981185913,-4.807121276855469,1028800
0.4067399501800537,-1.341862440109253,3.6666667461395264,0.004313281271606684,-0.9308091998100281,1040800
0.0245966836810112,-1.3400427103042603,0.0,-4.270263671875,-5.585709571838379,1052000
0.0025470522232353687,-1.3428224325180054,0.0,0.1861076056957245,-1.1541677713394165,1063200
0.03145406022667885,-1.3441358804702759,0.0,-6.006403923034668,-7.319085597991943,1074400
0.2409268468618393,-1.3440216779708862,2.75,3.0943846702575684,1.991289734840393,1085600
0.01817863993346691,-1.3432012796401978,0.0,-3.235058307647705,-4.5600810050964355,1096800
0.005605035461485386,-1.343482494354248,0.0,-1.0902832746505737,-2.4281606674194336,1108800
0.035973235964775085,-1.342163324356079,0.0,-3.4725637435913086,-4.778753757476807,1120000
0.5040884017944336,-1.3445074558258057,2.200000047683716,5.676822662353516,4.836403846740723,1131200
0.023212436586618423,-1.343550443649292,0.0,-5.49428129196167,-6.814619064331055,1142400
0.01887276954948902,-1.3463646173477173,0.0,-4.427608489990234,-5.755100250244141,1154400
0.2577788233757019,-1.3474738597869873,5.5,-0.5327818393707275,-1.6224768161773682,1165600
0.03551347926259041,-1.343427300453186,0.0,-7.29053258895874,-8.5984468460083,1176800
0.2745046615600586,-1.3430356979370117,0.0,0.40366917848587036,-0.6648618578910828,1188800
0.003884707810357213,-1.3446166515350342,0.0,-1.291158676147461,-2.6318907737731934,1200000
0.0032831989228725433,-1.3443059921264648,0.5,-1.0891004800796509,-2.4301233291625977,1211200
0.4402764141559601,-1.3388580083847046,0.0,3.417907476425171,2.5193257331848145,1223200
0.2841280996799469,-1.3328478336334229,0.0,3.3945679664611816,2.345848321914673,1234400
0.0129960672929883,-1.336098313331604,0.0,-1.9785317182540894,-3.301633834838867,1245600
0.3645225465297699,-1.339246153831482,3.0,1.6150946617126465,0.6403710842132568,1256800
0.015395143069326878,-1.3389610052108765,0.0,-3.239872455596924,-4.563438415527344,1268800
0.020353060215711594,-1.3377436399459839,0.0,-5.476375102996826,-6.793766021728516,1280000
0.014095582999289036,-1.3386526107788086,0.0,-3.76936936378479,-5.093926429748535,1291200
0.7036463618278503,-1.3382667303085327,4.333333492279053,11.768390655517578,11.133770942687988,1302400
0.6278006434440613,-1.342341423034668,3.0,8.278319358825684,7.563778877258301,1313600
0.6278954744338989,-1.344949722290039,5.5,5.879876136779785,5.1628217697143555,1325600
0.0035098749212920666,-1.3445533514022827,0.0,-1.618412971496582,-2.959456443786621,1336800
0.023116378113627434,-1.3446099758148193,1.0,-5.442316055297852,-6.7638092041015625,1348000
0.41787123680114746,-1.3458832502365112,0.5,3.6541318893432617,2.7261199951171875,1360000
0.01630082167685032,-1.3465075492858887,0.0,-4.598388671875,-5.928595542907715,1371200
0.04471811279654503,-1.3412668704986572,0.0,-7.712314128875732,-9.008862495422363,1382400
0.3496423065662384,-1.3410645723342896,2.200000047683716,1.1347264051437378,0.14330410957336426,1393600
0.011665623635053635,-1.3405463695526123,0.0,-3.1145179271698,-4.443398475646973,1405600
0.0020978108514100313,-1.3433496952056885,0.0,-0.8074461817741394,-2.148698091506958,1416800
0.010772142559289932,-1.3435662984848022,0.0,-3.1002273559570312,-4.433021545410156,1428000
0.011255382560193539,-1.343473196029663,0.0,-3.3701717853546143,-4.702389717102051,1439200
0.008326680399477482,-1.3454906940460205,0.0,-3.5353047847747803,-4.872468948364258,1451200
0.027172382920980453,-1.3473048210144043,0.20000000298023224,-5.481553554534912,-6.801685810089111,1462400
0.1577574908733368,-1.3456296920776367,3.0,-1.7060139179229736,-2.893886089324951,1474400
0.2802349627017975,-1.3459031581878662,0.3333333432674408,1.5312588214874268,0.46559059619903564,1485600
0.3962702751159668,-1.3469353914260864,1.0,0.8654659390449524,-0.08519923686981201,1496800
1.846150517463684,-1.3467637300491333,3.0,15.690446853637695,16.189834594726562,1508800
0.3687429428100586,-1.3435064554214478,0.5,-0.35021328926086426,-1.3249768018722534,1520000
0.0031805671751499176,-1.3437025547027588,0.0,-1.2947663068771362,-2.6352882385253906,1531200
0.02468404918909073,-1.3434436321258545,0.0,-5.951315402984619,-7.270074844360352,1543200
0.3528136610984802,-1.3455722332000732,0.0,3.845834255218506,2.8530757427215576,1554400
0.2715153992176056,-1.3459157943725586,0.5,-8.93513298034668,-10.009532928466797,1565600
0.8750621676445007,-1.347406268119812,0.0,13.176980018615723,12.704635620117188,1576800
0.894668459892273,-1.3481649160385132,11.0,13.204357147216797,12.750861167907715,1588800
0.49377867579460144,-1.3443080186843872,0.0,3.051271438598633,2.200742244720459,1600000
0.019228646531701088,-1.3469736576080322,0.20000000298023224,-4.962545871734619,-6.290290832519531,1612000
0.9654585719108582,-1.3474220037460327,0.0,11.45024585723877,11.068283081054688,1623200
0.3362227976322174,-1.3476927280426025,11.0,3.7951772212982178,2.7837073802948,1634400
0.014450682327151299,-1.3477215766906738,0.0,-2.5373342037200928,-3.870604991912842,1645600
0.01085548847913742,-1.3446365594863892,0.0,-3.108780860900879,-4.442562103271484,1656800
0.5303754210472107,-1.34559166431427,3.6666667461395264,4.9562764167785645,4.1410603523254395,1668000
0.6216722726821899,-1.3453245162963867,0.0,8.454797744750977,7.731145858764648,1680000
0.02761509269475937,-1.3444117307662964,0.0,-4.095359802246094,-5.412156581878662,1691200
0.3108997642993927,-1.345642328262329,0.0,4.1037774085998535,3.0690348148345947,1702400
0.29455557465553284,-1.343225121498108,2.75,-2.3317742347717285,-3.380443572998047,1714400
0.006072139833122492,-1.3455474376678467,0.25,-1.7280522584915161,-3.0675275325775146,1725600
1.3533437252044678,-1.3471499681472778,12.0,19.749221801757812,19.755414962768555,1736800
0.017913589254021645,-1.3451488018035889,0.0,-4.532536029815674,-5.859770774841309,1748000
0.009743532165884972,-1.345116376876831,0.0,-1.8569481372833252,-3.1923208236694336,1760000
0.03892895579338074,-1.345259666442871,0.0,-6.990240573883057,-8.296571731567383,1771200
0.8698979616165161,-1.3421361446380615,0.0,12.774395942687988,12.302157402038574,1782400
0.03539577126502991,-1.342393159866333,0.0,-7.386146545410156,-8.693143844604492,1794400
0.005179255735129118,-1.3446224927902222,0.0,-1.618272066116333,-2.9577152729034424,1805600
0.42011916637420654,-1.3412760496139526,0.5,3.4936907291412354,2.57253360748291,1816800
0.007177896797657013,-1.3373695611953735,0.5,-3.38456654548645,-4.714758396148682,1828000
1.1328505277633667,-1.3389091491699219,0.0,17.430540084838867,17.2244815826416,1839200
0.002407641848549247,-1.3419636487960815,0.0,-0.7821654677391052,-2.1217215061187744,1850400
0.0035877604968845844,-1.342233419418335,0.0,-2.406552791595459,-3.7451984882354736,1861600
0.0064490437507629395,-1.3422422409057617,0.0,-2.898491621017456,-4.2342848777771,1873600
0.03832513839006424,-1.3422826528549194,0.5,-8.084197998046875,-9.388154983520508,1884800
0.024529242888092995,-1.3433517217636108,0.0,-5.9302263259887695,-7.249048709869385,1896000
0.5978419780731201,-1.345434546470642,1.0,10.611726760864258,9.864134788513184,1907200
0.007787107955664396,-1.345901608467102,0.0,-3.822361469268799,-5.160476207733154,1918400
0.01938627101480961,-1.3450798988342285,0.5,-5.829477310180664,-7.155170917510986,1929600
0.23199212551116943,-1.3452792167663574,1.0,-0.2637539803981781,-1.3770411014556885,1940800
0.3364126980304718,-1.344852089881897,0.0,0.7557457089424133,-0.25269365310668945,1952000
0.006668856367468834,-1.347609281539917,0.0,-2.43880558013916,-3.7797460556030273,1963200
0.001049673417583108,-1.34804105758667,0.0,-0.30803367495536804,-1.6550250053405762,1975200
0.03945775702595711,-1.3485362529754639,0.0,-9.01688003540039,-10.325959205627441,1986400
0.01710055209696293,-1.349352240562439,0.0,-5.106440544128418,-6.438692569732666,1997600
0.009785031899809837,-1.3492820262908936,0.0,-2.9387619495391846,-4.27825927734375,2009600
1.0555216073989868,-1.348701000213623,4.0,15.010518074035645,14.717338562011719,2020000
0.005542831961065531,-1.350132703781128,0.0,-2.0441184043884277,-3.3887083530426025,2032000
0.013405648991465569,-1.3486748933792114,0.0,-4.923184871673584,-6.258453845977783,2043200
0.00650913268327713,-1.3482023477554321,0.0,-3.389965295791626,-4.731658458709717,2054400
0.00461569894105196,-1.3473976850509644,0.0,-2.2084577083587646,-3.551239490509033,2065600
0.011380704119801521,-1.3482348918914795,0.0,-4.508004665374756,-5.8448591232299805,2077600
0.035761527717113495,-1.346867322921753,0.0,-7.015164375305176,-8.32627010345459,2088000
0.5832979083061218,-1.3475943803787231,0.0,4.660686016082764,3.8963894844055176,2100000
0.015503890812397003,-1.3478466272354126,0.0,-5.449655532836914,-6.781998157501221,2111200
0.010933577083051205,-1.3479642868041992,0.0,-4.672808647155762,-6.0098395347595215,2122400
0.008710192516446114,-1.3494923114776611,0.0,-3.8843839168548584,-5.225166320800781,2133600
0.3670165538787842,-1.3483984470367432,1.0,-1.3122919797897339,-2.2936739921569824,2144800
0.373552143573761,-1.3472955226898193,0.0,1.3497835397720337,0.3760402202606201,2156800
1.014570951461792,-1.3468492031097412,3.6666667461395264,13.044599533081055,12.712321281433105,2168000
0.3706800043582916,-1.344537377357483,0.4000000059604645,4.582206726074219,3.608349323272705,2179200
0.3703431487083435,-1.3462214469909668,0.0,5.21574592590332,4.239867687225342,2190400
0.014127240516245365,-1.3436570167541504,0.0,-5.260257720947266,-6.589787483215332,2202400
0.022063151001930237,-1.3445203304290771,0.0,-6.456307411193848,-7.778764724731445,2213600
0.004045089241117239,-1.344595193862915,0.0,-2.577108860015869,-3.917659044265747,2224800
0.004316814709454775,-1.34447181224823,0.0,-2.8522465229034424,-4.19240140914917,2236000
0.9946243762969971,-1.3444749116897583,3.6666667461395264,9.56240177154541,9.21255111694336,2247200
0.020444972440600395,-1.3454480171203613,0.0,-6.054811477661133,-7.379814624786377,2258400
0.7397435307502747,-1.3451086282730103,5.5,12.961052894592285,12.355687141418457,2269600
0.05535964295268059,-1.3458694219589233,0.0,-9.951258659362793,-11.241767883300781,2280800
0.008161385543644428,-1.3459546566009521,0.0,-3.016986846923828,-4.354780197143555,2292000
0.005704711191356182,-1.3469014167785645,0.0,-3.1841795444488525,-4.525376319885254,2303200
0.015855420380830765,-1.3476272821426392,0.0,-5.319496154785156,-6.651268005371094,2314400
0.028833182528614998,-1.3480796813964844,0.0,-8.03518009185791,-9.354426383972168,2325600
0.010493491776287556,-1.348227620124817,0.0,-4.452197551727295,-5.789931774139404,2337600
0.0065123843960464,-1.349032998085022,0.0,-2.762518882751465,-4.105039596557617,2348800
0.017060935497283936,-1.3483513593673706,0.0,-4.52892541885376,-5.86021614074707,2360000
0.011535344645380974,-1.3489066362380981,0.0,-5.012359619140625,-6.349730968475342,2371200
0.018276020884513855,-1.347463607788086,0.0,-5.6005072593688965,-6.929694652557373,2382400
0.3033027946949005,-1.3487473726272583,0.25,-6.217434406280518,-7.262878894805908,2393600
2.167109727859497,-1.346952199935913,2.4000000953674316,32.5496711730957,33.36983108520508,2405600
0.014135798439383507,-1.3474416732788086,0.0,-4.995139122009277,-6.328444957733154,2416800
0.25784656405448914,-1.3468496799468994,11.0,-0.244822159409523,-1.3338252305984497,2428800
0.6016973853111267,-1.3467429876327515,0.5,7.392004013061523,6.646958351135254,2439200
0.005252644419670105,-1.3455884456634521,0.0,-2.005618095397949,-3.345953941345215,2451200
0.5428487658500671,-1.3458970785140991,0.0,4.283360004425049,3.480311393737793,2462400
0.015195738524198532,-1.344978928565979,0.0,-4.919076442718506,-6.248859405517578,2474400
0.9372504353523254,-1.3463228940963745,0.0,13.943353652954102,13.534280776977539,2484800
0.01581026054918766,-1.3462655544281006,0.0,-5.089674949645996,-6.420129776000977,2496000
0.5274871587753296,-1.3474938869476318,0.0,3.5032002925872803,2.6831934452056885,2508000
0.006450769491493702,-1.346804141998291,0.0,-2.961543083190918,-4.301896572113037,2519200
0.6810368895530701,-1.3485862016677856,6.0,8.150986671447754,7.483437538146973,2530400
0.010041301138699055,-1.3476803302764893,0.0,-3.4021503925323486,-4.7397894859313965,2542400
0.029605228453874588,-1.346440076828003,0.0,-7.023083686828613,-8.33991813659668,2553600
0.49112939834594727,-1.3427249193191528,2.75,6.451803207397461,5.600207805633545,2565600
0.9052178859710693,-1.343219518661499,1.0,9.243881225585938,8.805879592895508,2576800
0.633185088634491,-1.3435885906219482,0.0,5.674685955047607,4.964282035827637,2588000
0.021955570206046104,-1.3452601432800293,2.0,-4.317340850830078,-5.640645503997803,2599200
0.004834088962525129,-1.3455884456634521,0.0,-1.8380955457687378,-3.178849935531616,2611200
0.36605218052864075,-1.3453818559646606,0.6666666865348816,3.879486322402954,2.9001569747924805,2622400
0.32595375180244446,-1.3449784517288208,3.6666667461395264,2.0183804035186768,0.999355673789978,2633600
0.004716664087027311,-1.345080852508545,1.0,-2.5042099952697754,-3.844574213027954,2644800
0.005992681719362736,-1.3442862033843994,0.0,-1.8578174114227295,-3.196110963821411,2656000
0.005140182562172413,-1.3450742959976196,1.0,-2.540844678878784,-3.8807787895202637,2667200
1.0898659229278564,-1.3454564809799194,0.0,8.523799896240234,8.268209457397461,2679200
0.855658233165741,-1.3442963361740112,0.0,11.1482572555542,10.659619331359863,2690400
0.007137622218579054,-1.345109224319458,0.0,-3.6122114658355713,-4.950182914733887,2701600
0.19036290049552917,-1.3467458486557007,2.0,3.177476644515991,2.0210938453674316,2712800
0.014819784089922905,-1.3474889993667603,0.0,-5.454778671264648,-6.787447929382324,2724000
0.4569554924964905,-1.3467471599578857,0.0,2.309286594390869,1.419494867324829,2735200
0.3594187796115875,-1.3464030027389526,0.0,-0.09934650361537933,-1.0863306522369385,2746400
0.006709867622703314,-1.3446813821792603,0.0,-2.9539361000061035,-4.291907787322998,2757600
0.4293079078197479,-1.3457636833190918,5.5,4.937676906585693,4.021221160888672,2769600
0.040948182344436646,-1.3455039262771606,0.5,-7.84806489944458,-9.152620315551758,2780800
0.31450238823890686,-1.3453054428100586,5.5,4.947793483734131,3.916990280151367,2792000
0.43572211265563965,-1.3472084999084473,2.200000047683716,3.0058631896972656,2.094376802444458,2803200
0.4243534207344055,-1.3453044891357422,0.0,2.538853168487549,1.6179020404815674,2814400
0.6426281332969666,-1.3470335006713867,0.0,5.6326212882995605,4.928215980529785,2826400
0.013112528249621391,-1.3468180894851685,0.0,-3.9386889934539795,-5.27239465713501,2837600
0.013751502148807049,-1.3477064371109009,0.25,-4.426880359649658,-5.76083517074585,2848800
0.49292516708374023,-1.3475964069366455,0.5,5.3759565353393555,4.521285057067871,2860000
0.05969098210334778,-1.3484553098678589,5.5,-1.6765761375427246,-2.9653406143188477,2871200
0.6281845569610596,-1.346091389656067,3.6666667461395264,10.599645614624023,9.881738662719727,2883200
0.5748618245124817,-1.34769606590271,3.6666667461395264,8.46137523651123,7.688540458679199,2894400
1.3487544059753418,-1.347067952156067,3.0,17.14841079711914,17.150096893310547,2906400
0.44988998770713806,-1.3437421321868896,0.0,3.991356611251831,3.0975043773651123,2916800
0.03199683502316475,-1.3452476263046265,2.0,-7.619565010070801,-8.932815551757812,2928000
0.015438606962561607,-1.345696210861206,0.0,-4.374938488006592,-5.705196380615234,2940000
0.8169658780097961,-1.3450872898101807,0.0,12.814643859863281,12.28652286529541,2951200
0.39337775111198425,-1.3447844982147217,0.0,1.4082276821136475,0.4568209648132324,2962400
0.01945996843278408,-1.3454188108444214,0.0,-4.714415550231934,-6.040374279022217,2974400
0.36504143476486206,-1.3435125350952148,0.0,3.312511920928955,2.334040880203247,2985600
0.5545125603675842,-1.342102289199829,0.0,8.911039352416992,8.12345027923584,2996800
0.733633279800415,-1.3458330631256104,11.0,10.419273376464844,9.807073593139648,3008000
0.22299140691757202,-1.3457484245300293,3.6666667461395264,1.9956612586975098,0.8729043006896973,3019200
0.4345371127128601,-1.346968412399292,0.0,-0.8415340185165405,-1.7539653778076172,3030400
0.5813677906990051,-1.347190260887146,3.0,3.006129503250122,2.240306854248047,3041600
0.01018766313791275,-1.34560227394104,0.0,-4.05845832824707,-5.39387321472168,3052800
0.01534179411828518,-1.3465431928634644,0.0,-4.04549503326416,-5.376696586608887,3064000
0.6658347845077515,-1.34731125831604,2.75,10.857766151428223,10.176289558410645,3075200
0.021410292014479637,-1.3476333618164062,1.0,-5.465427875518799,-6.791650772094727,3087200
0.6692286133766174,-1.3465240001678467,4.0,11.301560401916504,10.62426471710205,3098400
0.027262290939688683,-1.3467668294906616,0.25,-4.313581943511963,-5.633086681365967,3108800
0.4608803987503052,-1.3454844951629639,0.5,-0.07972996681928635,-0.9643340706825256,3120000
0.651291012763977,-1.3447422981262207,3.6666667461395264,6.672208786010742,5.978757381439209,3131200
0.029691500589251518,-1.3458186388015747,0.0,-7.096340179443359,-8.412467002868652,3142400
0.5248209834098816,-1.346430778503418,0.0,6.246602535247803,5.424992561340332,3153600
0.009935754351317883,-1.3457789421081543,0.0,-2.5650179386138916,-3.9008610248565674,3164800
0.01855608820915222,-1.345237135887146,0.0,-4.987466335296631,-6.314147472381592,3176000
0.018707288429141045,-1.3433700799942017,0.0,-5.377438545227051,-6.702101230621338,3188000
0.009292635135352612,-1.3430917263031006,0.0,-3.595207691192627,-4.929006576538086,3199200
2.347837448120117,-1.3451597690582275,4.599999904632568,31.20648956298828,32.20916748046875,3210400
0.009084160439670086,-1.3444812297821045,0.0,-3.4256680011749268,-4.7610650062561035,3221600
0.030247149989008904,-1.3451300859451294,0.0,-6.942977428436279,-8.25786018371582,3232800
0.01800650916993618,-1.3451071977615356,0.0,-5.6954450607299805,-7.02254581451416,3244000
0.6191206574440002,-1.3462327718734741,0.0,7.280753135681152,6.553640842437744,3255200
0.7100751996040344,-1.346225380897522,2.0,5.5458598136901855,4.909709930419922,3266400
0.5379529595375061,-1.3464510440826416,1.0,3.7286033630371094,2.920105218887329,3277600
0.6543218493461609,-1.3462272882461548,0.0,10.19512939453125,9.503223419189453,3289600
0.011824995279312134,-1.3466072082519531,0.0,-3.180250406265259,-4.515032768249512,3300800
0.1721295267343521,-1.3465611934661865,0.0,-0.016449054703116417,-1.1908807754516602,3312000
0.006011684890836477,-1.3453047275543213,0.0,-2.2112605571746826,-3.550553560256958,3323200
0.014541089534759521,-1.3456933498382568,0.0,-5.128317832946777,-6.459469795227051,3334400
1.029726505279541,-1.3437385559082031,5.5,10.041194915771484,9.727182388305664,3346400
0.005387932527810335,-1.3457789421081543,0.0,-2.598879337310791,-3.939270257949829,3356800
0.003915793728083372,-1.3465996980667114,0.0,-2.2353484630584717,-3.5780324935913086,3368800
0.010878809727728367,-1.3469496965408325,0.0,-3.9050068855285645,-5.241077899932861,3380000
0.014524217694997787,-1.347617745399475,0.0,-4.460651397705078,-5.793745040893555,3391200
1.6320136785507202,-1.347010612487793,3.6666667461395264,18.93235969543457,19.217361450195312,3402400
0.6888028979301453,-1.3459551334381104,2.0,8.792610168457031,8.135457992553711,3414400
0.023481808602809906,-1.344801902770996,0.0,-4.500149726867676,-5.821469783782959,3425600
0.6248323917388916,-1.343474268913269,5.5,8.144425392150879,7.425783157348633,3436800
1.0569767951965332,-1.3455183506011963,7.333333492279053,15.434885025024414,15.146343231201172,3448800
0.020369214937090874,-1.3452296257019043,0.0,-5.762106895446777,-7.086967468261719,3460000
0.4171070456504822,-1.3458420038223267,5.5,5.0853376388549805,4.15660285949707,3471200
0.3736116886138916,-1.3453779220581055,0.3333333432674408,1.3680167198181152,0.39625048637390137,3483200
1.2662153244018555,-1.3456170558929443,3.6666667461395264,17.530916213989258,17.451513290405273,3494400
1.3037328720092773,-1.3459243774414062,0.5,19.262903213500977,19.22071075439453,3505600
0.6790353059768677,-1.3454535007476807,0.0,7.191190242767334,6.524771690368652,3516800
0.015287037007510662,-1.3470001220703125,0.0,-5.386892318725586,-6.7186055183410645,3528000
0.5164914131164551,-1.347115397453308,2.200000047683716,2.4719085693359375,1.6412845849990845,3539200
0.010344884358346462,-1.34633207321167,0.0,-3.3819692134857178,-4.71795654296875,3550400
0.024454159662127495,-1.345386028289795,0.0,-6.8362932205200195,-8.157224655151367,3562400
0.02535407431423664,-1.3448776006698608,0.0,-6.544271945953369,-7.863795757293701,3573600
0.01876179873943329,-1.3454796075820923,0.0,-5.609545707702637,-6.936263561248779,3584800
0.01283921767026186,-1.3463021516799927,0.0,-4.516807556152344,-5.8502702713012695,3596000
1.0924228429794312,-1.3459800481796265,0.0,13.858670234680176,13.60511302947998,3607200
0.018112080171704292,-1.3415583372116089,0.0,-5.455471992492676,-6.778918266296387,3618400
0.575559675693512,-1.3421480655670166,3.6666667461395264,4.544971466064453,3.7783830165863037,3630400
0.013624351471662521,-1.3419026136398315,0.0,-4.038156509399414,-5.3664350509643555,3641600
0.008728248067200184,-1.3432732820510864,0.0,-3.4853808879852295,-4.819925785064697,3652800
0.015816891565918922,-1.3440519571304321,0.0,-4.048548221588135,-5.37678337097168,3664800
0.2820318043231964,-1.343869924545288,0.0,-0.733849048614502,-1.795687198638916,3676000
1.3730528354644775,-1.3444421291351318,4.0,18.222755432128906,18.251365661621094,3687200
1.2957417964935303,-1.3449259996414185,1.0,15.140189170837402,15.091004371643066,3699200
0.025074152275919914,-1.344702124595642,1.0,-4.811150074005127,-6.1307783126831055,3710400
0.5498887300491333,-1.3462207317352295,0.3333333432674408,4.316305637359619,3.5199735164642334,3721600
0.7155654430389404,-1.3453642129898071,5.75,7.5100626945495605,6.880263805389404,3732800
0.016211818903684616,-1.344972014427185,0.25,-4.810035705566406,-6.138795852661133,3744800
0.8164282441139221,-1.3450956344604492,0.0,9.832934379577637,9.304266929626465,3756000
1.4725781679153442,-1.343836784362793,3.125,20.629905700683594,20.758647918701172,3768000
0.04774464666843414,-1.3445245027542114,0.25,-7.819745063781738,-9.116524696350098,3779200
0.026877716183662415,-1.344696283340454,0.0,-4.8062052726745605,-6.1240234375,3790400
0.672618567943573,-1.3438278436660767,0.0,9.367807388305664,8.696598052978516,3801600
0.7892799377441406,-1.3431620597839355,5.5,10.021180152893066,9.46729850769043,3812800
0.007588694337755442,-1.344043493270874,0.0,-2.3406307697296143,-3.6770856380462646,3824000
0.5618560910224915,-1.3436766862869263,3.6666667461395264,4.9504876136779785,4.168667316436768,3835200
0.011870568618178368,-1.3434325456619263,0.0,-4.556116104125977,-5.887678146362305,3846400
0.02065085992217064,-1.3427965641021729,0.0,-5.586547374725342,-6.908693313598633,3857600
0.01679237186908722,-1.342430591583252,0.0,-4.000693321228027,-5.326331615447998,3868800
0.013163886032998562,-1.344490647315979,0.0,-3.878694772720337,-5.210021495819092,3880000
0.01030757650732994,-1.343767523765564,0.0,-2.5316786766052246,-3.865138530731201,3891200
0.5405015349388123,-1.3430863618850708,5.5,7.508354187011719,6.7057695388793945,3902400
0.03027036413550377,-1.3418573141098022,1.0,-6.797107219696045,-8.108694076538086,3913600
0.01453445665538311,-1.3420507907867432,0.0,-4.007862091064453,-5.335378646850586,3924800
0.009587261825799942,-1.3404967784881592,0.0,-1.2466858625411987,-2.5775952339172363,3936800
1.6592761278152466,-1.3428852558135986,0.6666666865348816,23.51505470275879,23.831445693969727,3948000
0.012363075278699398,-1.3424553871154785,0.0,-3.981013298034668,-5.311105728149414,3959200
0.00881931371986866,-1.3396235704421997,0.0,-3.352004051208496,-4.6828083992004395,3970400
0.005855312570929527,-1.3432978391647339,0.0,-3.045335531234741,-4.382778167724609,3982400
0.013500377535820007,-1.343932867050171,0.0,-5.189917087554932,-6.520349502563477,3993600
1.9595303535461426,-1.343826413154602,2.75,28.143959045410156,28.759662628173828,4004800
0.017945243045687675,-1.3422071933746338,0.0,-4.788615703582764,-6.11287784576416,4016800
0.9895398616790771,-1.342095971107483,11.0,14.86894416809082,14.516387939453125,4028000
0.01820320449769497,-1.3439433574676514,0.0,-4.519217014312744,-5.84495735168457,4039200
0.007845217362046242,-1.344907522201538,1.0,-3.079939126968384,-4.417001724243164,4050400
0.017583614215254784,-1.3447818756103516,0.0,-4.545295715332031,-5.872493743896484,4061600
0.5241125226020813,-1.3453418016433716,5.5,5.32945442199707,4.508225440979004,4072800
0.80559241771698,-1.3462395668029785,0.0,4.0378522872924805,3.4972052574157715,4084000
0.5561139583587646,-1.3454172611236572,1.5714285373687744,4.695514678955078,3.9062116146087646,4095200
0.00925284530967474,-1.3443390130996704,0.0,-2.1436901092529297,-3.478776454925537,4106400
0.009916371665894985,-1.344893455505371,0.0,-3.42447829246521,-4.759455680847168,4118400
0.018743593245744705,-1.3440057039260864,2.0,-5.80814790725708,-7.1334099769592285,4129600
0.008700238540768623,-1.3446305990219116,0.0,-2.1032235622406006,-3.4391541481018066,4140800
0.01646370068192482,-1.344382882118225,0.0,-4.748330593109131,-6.076249599456787,4152800
0.7636725306510925,-1.345795750617981,0.0,9.922637939453125,9.34051513671875,4164000
0.016333915293216705,-1.344975233078003,0.0,-5.463161468505859,-6.791802406311035,4176000
0.032825008034706116,-1.3420078754425049,0.0,-7.803215503692627,-9.112398147583008,4187200
0.016631998121738434,-1.3413326740264893,0.0,-5.465169906616211,-6.789870262145996,4198400
0.3374573886394501,-1.340789556503296,3.25,1.7668925523757935,0.7635602951049805,4209600
1.2010504007339478,-1.3388375043869019,11.0,17.07900047302246,16.941213607788086,4220800
0.5035896301269531,-1.3371096849441528,0.0,4.111409664154053,3.2778897285461426,4232800
0.858980655670166,-1.336801528930664,0.4000000059604645,2.857234239578247,2.379413366317749,4244000
1.1147199869155884,-1.339384913444519,6.0,12.679508209228516,12.454843521118164,4255200
0.861621081829071,-1.3395730257034302,0.0,11.083728790283203,10.6057767868042,4266400
0.010940407402813435,-1.3415428400039673,0.0,-4.038026332855225,-5.36862850189209,4278400
0.4044666290283203,-1.3405300378799438,3.0,0.05486802011728287,-0.8811954259872437,4289600
0.008721625432372093,-1.3430087566375732,0.0,-2.860799789428711,-4.19508695602417,4300800
0.8740324378013611,-1.340429663658142,0.0,10.3870849609375,9.920687675476074,4312000
0.5724480152130127,-1.3422406911849976,0.0,6.036967754364014,5.267175197601318,4323200
0.5144913792610168,-1.342133641242981,0.0,4.791708469390869,3.964066505432129,4334400
0.0607873909175396,-1.340523600578308,0.0,-6.626243591308594,-7.905980110168457,4345600
0.03835244104266167,-1.343635082244873,0.0,-6.7492804527282715,-8.054563522338867,4356800
0.017990292981266975,-1.3420017957687378,0.0,-5.232493877410889,-6.5565056800842285,4368800
0.025221047922968864,-1.3428868055343628,0.0,-6.186417102813721,-7.504083156585693,4380000
0.021030237898230553,-1.3445706367492676,0.0,-6.186401844024658,-7.509942054748535,4391200
0.0225830115377903,-1.3450134992599487,0.0,-4.905101299285889,-6.227531909942627,4402400
0.015150642022490501,-1.3440349102020264,0.0,-5.159749984741211,-6.48863410949707,4413600
0.014521126635372639,-1.3464618921279907,0.0,-5.278446197509766,-6.610386848449707,4425600
0.3396819829940796,-1.3458406925201416,0.0,0.43173888325691223,-0.5744198560714722,4436800
0.666111171245575,-1.34424889087677,0.0,4.559542655944824,3.8814048767089844,4447200
0.0022786196786910295,-1.3449679613113403,0.5,-0.8695698380470276,-2.212259292602539,4459200
0.9222938418388367,-1.3455359935760498,0.0,9.96556568145752,9.542323112487793,4470400
0.3102790117263794,-1.3405590057373047,5.5,0.18887946009635925,-0.8414005041122437,4481600
1.4783384799957275,-1.3413742780685425,0.1428571492433548,20.40114974975586,20.538114547729492,4493600
1.082221508026123,-1.3428047895431519,4.666666507720947,16.174510955810547,15.913928031921387,4504800
0.5343585014343262,-1.34144926071167,0.5,6.108672142028809,5.301581382751465,4516000
0.01913328655064106,-1.344828486442566,0.25,-5.1426496505737305,-6.4683451652526855,4527200
0.6503496766090393,-1.3451271057128906,2.75,6.465083122253418,5.770305633544922,4539200
0.02841602824628353,-1.341888189315796,0.0,-6.288607597351074,-7.602079391479492,4550400
0.4547588527202606,-1.3422402143478394,0.5,-1.2734721899032593,-2.1609535217285156,4562400
0.0126009127125144,-1.3440089225769043,0.0,-4.785958290100098,-6.117366313934326,4573600
0.5418387651443481,-1.3422943353652954,0.0,6.227673530578613,5.427217960357666,4584800
0.014870429411530495,-1.3418965339660645,0.0,-2.8663125038146973,-4.193338394165039,4596000
0.022241897881031036,-1.3432433605194092,0.0,-6.445888996124268,-7.766890525817871,4607200
0.026217959821224213,-1.3419119119644165,0.0,-3.5479767322540283,-4.863670825958252,4619200
0.03651080280542374,-1.3439292907714844,0.3333333432674408,-4.928238868713379,-6.235657215118408,4630400
0.5425927639007568,-1.3415952920913696,11.0,6.258359909057617,5.459357738494873,4641600
0.4581376612186432,-1.3436124324798584,11.0,7.083932876586914,6.198457717895508,4653600
0.05010908469557762,-1.343684196472168,0.0,-6.889138221740723,-8.182713508605957,4664800
1.36509108543396,-1.3459728956222534,0.0,22.161104202270508,22.18022346496582,4676000
1.2227712869644165,-1.3444325923919678,2.75,13.38888168334961,13.267220497131348,4688000
0.016557427123188972,-1.345584511756897,0.0,-5.454634666442871,-6.783661842346191,4699200
0.01919388212263584,-1.346480131149292,0.5,-1.1623344421386719,-2.4896206855773926,4710400
0.020833700895309448,-1.3447920083999634,0.0,-4.796953201293945,-6.120911598205566,4722400
0.015940187498927116,-1.3453624248504639,0.0,-3.684284210205078,-5.013706207275391,4733600
1.6314808130264282,-1.3452461957931519,3.0,22.210525512695312,22.496761322021484,4744800
0.8100272417068481,-1.3449968099594116,11.0,9.614253044128418,9.079283714294434,4756000
0.04345351457595825,-1.345752239227295,0.0,-7.5609893798828125,-8.863287925720215,4767200
0.0162136759608984,-1.3473178148269653,0.0,-4.078531742095947,-5.409635543823242,4778400
0.42257213592529297,-1.34489905834198,11.0,4.740047931671143,3.817720890045166,4790400
0.0174347385764122,-1.3445935249328613,0.0,-2.2091691493988037,-3.536327838897705,4801600
0.007191322278231382,-1.3462464809417725,0.0,-3.2093749046325684,-4.5484299659729,4812800
0.8564712405204773,-1.3474384546279907,0.5,10.733964920043945,10.242997169494629,4824000
0.57444167137146,-1.3476698398590088,0.0,3.893317699432373,3.120089292526245,4835200
0.015939097851514816,-1.3482791185379028,0.0,-4.509122848510742,-5.8414626121521,4847200
0.17098167538642883,-1.346752405166626,0.0,-4.526198387145996,-5.701969146728516,4858400
0.017429489642381668,-1.348551869392395,0.3333333432674408,-4.397586822509766,-5.7287092208862305,4869600
0.26585444808006287,-1.3469151258468628,0.0,-0.9323696494102478,-2.01343035697937,4881600
0.023821573704481125,-1.3480182886123657,0.0,-4.155799388885498,-5.479996204376221,4892800
0.5476189255714417,-1.3478350639343262,0.3333333432674408,2.181960105895996,1.3817439079284668,4904000
0.38906770944595337,-1.3493458032608032,0.0,-0.6477363705635071,-1.608014464378357,4916000
0.5859074592590332,-1.3500803709030151,5.5,6.508442401885986,5.744269371032715,4927200
0.030023857951164246,-1.348379135131836,0.0,-6.392214775085449,-7.710569858551025,4938400
0.7255738973617554,-1.3474907875061035,5.5,5.1279706954956055,4.506053924560547,4949600
0.03748178854584694,-1.348473072052002,0.0,-5.042356014251709,-6.353347301483154,4960800
1.1823220252990723,-1.3491243124008179,7.333333492279053,18.025466918945312,17.85866355895996,4972800
0.02148442529141903,-1.3481892347335815,0.0,-4.222082614898682,-5.548787593841553,4984000
0.02083452418446541,-1.346742868423462,0.5,-4.838803768157959,-6.164711952209473,4995200
0.019783401861786842,-1.3488187789916992,1.0,-4.614908695220947,-5.943943977355957,5006400
0.0042496416717767715,-1.3495373725891113,1.0,-1.9390109777450562,-3.2842986583709717,5017600
0.01236430462449789,-1.350024938583374,0.0,-4.541357517242432,-5.8790178298950195,5029600
0.5093561410903931,-1.349790334701538,3.6666667461395264,2.343196153640747,1.5027620792388916,5040000
0.3892969489097595,-1.3479702472686768,0.0,-3.8900222778320312,-4.848695755004883,5052000
0.034334443509578705,-1.3477723598480225,1.0,-4.440084934234619,-5.753522872924805,5063200
0.02468612790107727,-1.3494174480438232,0.0,-4.936914443969727,-6.261645317077637,5074400
0.019247515127062798,-1.3478569984436035,0.0,-5.4886040687561035,-6.817213535308838,5085600
1.242763876914978,-1.349845290184021,11.0,17.278118133544922,17.171035766601562,5096800
0.006859694607555866,-1.3495359420776367,0.0,-3.2225594520568848,-4.565235614776611,5108000
0.018951456993818283,-1.3476670980453491,0.0,-3.4530322551727295,-4.781747817993164,5120000
0.020907117053866386,-1.3470966815948486,0.0,-5.080677509307861,-6.406867027282715,5131200
0.019918905571103096,-1.3486387729644775,1.0,-5.939055442810059,-7.267775535583496,5142400
0.0123191699385643,-1.3494563102722168,0.0,-4.855582237243652,-6.192719459533691,5153600
0.013311284594237804,-1.350743055343628,0.25,-4.535224914550781,-5.87265682220459,5165600
0.017493272200226784,-1.3502863645553589,1.0,-5.7126641273498535,-7.045457363128662,5176800
0.013945043087005615,-1.3504334688186646,0.0,-3.5983736515045166,-4.93486213684082,5188800
0.7097543478012085,-1.3488671779632568,1.0,6.916516304016113,6.277403831481934,5200000
0.455953449010849,-1.3493480682373047,5.5,-0.45837879180908203,-1.3517733812332153,5211200
0.8336207270622253,-1.34749174118042,4.0,7.919567584991455,7.405696392059326,5223200
0.022821402177214622,-1.3485567569732666,0.0,-5.3070759773254395,-6.632811546325684,5234400
0.018631482496857643,-1.3469115495681763,1.0,-5.826887607574463,-7.155167579650879,5246400
0.8977358341217041,-1.345697283744812,0.0,10.142691612243652,9.694729804992676,5257600
0.0339568555355072,-1.3454750776290894,0.0,-6.0028862953186035,-7.314404487609863,5268800
0.013149545527994633,-1.347575068473816,0.0,-3.8891232013702393,-5.223548889160156,5280800
0.031902290880680084,-1.3471795320510864,0.0,-5.576597690582275,-6.89187479019165,5292000
0.821961522102356,-1.3471211194992065,0.0,11.908448219299316,11.383288383483887,5304000
0.028380485251545906,-1.3474903106689453,0.0,-5.518768787384033,-6.837878704071045,5314400
0.02689838968217373,-1.3484721183776855,0.0,-4.914907932281494,-6.236481666564941,5325600
0.68217533826828,-1.3478537797927856,5.5,7.570796012878418,6.905117988586426,5336800
0.6122179627418518,-1.3468198776245117,0.0,4.942943572998047,4.208341598510742,5348800
0.02492843195796013,-1.3469998836517334,0.3333333432674408,-5.475029468536377,-6.797101020812988,5360000
0.025427713990211487,-1.3461527824401855,0.1666666716337204,-6.177353382110596,-7.498078346252441,5371200
1.0323256254196167,-1.3469253778457642,5.75,15.768326759338379,15.453725814819336,5383200
0.7259436845779419,-1.3448559045791626,0.6666666865348816,5.544932842254639,4.926020622253418,5394400
0.017202096059918404,-1.3454959392547607,0.0,-4.929934978485107,-6.2582292556762695,5405600
0.5520166754722595,-1.3402421474456787,0.0,6.546693801879883,5.7584686279296875,5416800
0.011424041353166103,-1.3422744274139404,0.3333333432674408,-4.489616870880127,-5.820466995239258,5428800
0.009549803100526333,-1.3415881395339966,0.0,-3.9088075160980225,-5.240845680236816,5440000
0.9956213235855103,-1.3443046808242798,0.0,10.555753707885742,10.207070350646973,5451200
0.5616616606712341,-1.3473368883132935,0.0,6.21400260925293,5.428327560424805,5462400
0.03182009980082512,-1.343579888343811,0.0,-6.232473373413086,-7.5442328453063965,5474400
0.008830134756863117,-1.3467055559158325,0.0,-2.9118778705596924,-4.249753475189209,5485600
0.015216873958706856,-1.3458753824234009,0.0,-4.695590019226074,-6.026248455047607,5496800
0.02819797396659851,-1.3451064825057983,0.5,-5.709351539611816,-7.0262603759765625,5508000
0.5011416673660278,-1.3419944047927856,0.0,3.7756738662719727,2.934821128845215,5520000
0.02771328017115593,-1.3444818258285522,0.3333333432674408,-6.398849964141846,-7.71561861038208,5530400
0.02783217653632164,-1.3440797328948975,0.0,-3.6517493724823,-4.967996597290039,5542400
0.008455042727291584,-1.3464977741241455,0.0,-2.609586238861084,-3.947628974914551,5553600
0.009048793464899063,-1.3471324443817139,0.0,-3.1356334686279297,-4.473717212677002,5565600
0.6800314784049988,-1.3470104932785034,0.0,6.168620586395264,5.501641273498535,5576800
0.010363082401454449,-1.3486770391464233,0.6666666865348816,-3.546902656555176,-4.88521671295166,5588000
0.0334736593067646,-1.3485965728759766,0.0,-8.142496109008789,-9.457618713378906,5599200
0.008998141624033451,-1.349326491355896,0.0,-3.9803531169891357,-5.320681571960449,5609600
0.018336553126573563,-1.3488731384277344,0.5,-5.928873538970947,-7.2594099044799805,5620800
0.003817726392298937,-1.3503259420394897,0.0,-2.429103374481201,-3.775611400604248,5632800
0.011943005956709385,-1.348440170288086,0.0,-3.8631014823913574,-5.19959831237793,5644000
0.7362173795700073,-1.3492900133132935,3.6666667461395264,10.036709785461426,9.423637390136719,5655200
0.3027549088001251,-1.3484344482421875,0.0,0.650634229183197,-0.39504528045654297,5666400
0.6481918692588806,-1.349304437637329,5.5,8.75977897644043,8.058666229248047,5677600
0.032621972262859344,-1.346601128578186,0.5,-6.90598201751709,-8.219961166381836,5688800
0.009763849899172783,-1.3494006395339966,0.20000000298023224,-2.875277042388916,-4.214913845062256,5700800
0.013961977325379848,-1.3490017652511597,0.0,-3.7946548461914062,-5.12969446182251,5712000
0.941059947013855,-1.3484019041061401,0.20000000298023224,12.230337142944336,11.82299518585205,5723200
0.009780051186680794,-1.3499033451080322,0.0,-4.344888210296631,-5.685011863708496,5734400
0.013975460082292557,-1.348931074142456,0.0,-4.289747714996338,-5.624703407287598,5745600
0.0065910182893276215,-1.348778486251831,0.0,-1.890754222869873,-3.2329416275024414,5757600
0.00879320316016674,-1.3483314514160156,0.0,-3.3480961322784424,-4.687634468078613,5768800
0.014792820438742638,-1.348144769668579,1.0,-3.4899652004241943,-4.823317050933838,5780000
0.016916748136281967,-1.3474041223526,0.0,-2.907207489013672,-4.23769474029541,5791200
0.63054358959198,-1.3455679416656494,0.0,7.462485313415527,6.747461318969727,5802400
0.025975370779633522,-1.345413327217102,0.0,-5.732443809509277,-7.051881790161133,5813600
0.3913455009460449,-1.3433884382247925,6.0,3.8534791469573975,2.9014358520507812,5824800
0.01600978523492813,-1.3445450067520142,0.0,-4.917964935302734,-6.246500015258789,5836000
1.0104833841323853,-1.3465087413787842,0.0,15.249585151672363,14.913559913635254,5847200
0.012175073847174644,-1.3474029302597046,0.0,-4.917792797088623,-6.253020763397217,5858400
0.012976692058146,-1.3482502698898315,0.0,-3.8393993377685547,-5.174673080444336,5870400
0.018412822857499123,-1.3493515253067017,0.1428571492433548,-5.475597858428955,-6.806536674499512,5881600
0.016822298988699913,-1.3465508222579956,0.5,-4.879114151000977,-6.208842754364014,5892800
1.6563200950622559,-1.3482005596160889,0.0,25.414976119995117,25.72309684753418,5904000
1.5152580738067627,-1.3481907844543457,0.0,5.538115978240967,5.705183506011963,5915200
0.3335042893886566,-1.347858190536499,0.5,0.462368905544281,-0.5519850254058838,5927200
0.7770673632621765,-1.3472659587860107,0.0,8.124305725097656,7.554106712341309,5938400
0.6110393404960632,-1.3471550941467285,2.1666667461395264,2.6546387672424316,1.9185230731964111,5949600
0.6461637020111084,-1.347861886024475,0.5,2.3016438484191895,1.5999456644058228,5960800
0.864940345287323,-1.3474535942077637,2.200000047683716,7.803808689117432,7.321295261383057,5972800
0.47479793429374695,-1.3482433557510376,5.5,6.688166618347168,5.81472110748291,5984000
0.04623771086335182,-1.348331093788147,0.0,-6.493309497833252,-7.795402526855469,5995200
1.5259214639663696,-1.347718358039856,0.0,22.08133888244629,22.259540557861328,6006400
0.03238803148269653,-1.3472422361373901,0.6666666865348816,-6.116996765136719,-7.431850910186768,6018400
1.3687795400619507,-1.348261833190918,6.0,20.762895584106445,20.78341293334961,6029600
0.025687001645565033,-1.3478889465332031,0.0,-5.527724266052246,-6.849925994873047,6040800
0.009382772259414196,-1.3502265214920044,0.0,-3.435469388961792,-4.776313304901123,6052000
0.7712424993515015,-1.3491195440292358,0.0,8.032520294189453,7.4546427726745605,6064000
0.5881110429763794,-1.3509941101074219,0.0,6.142383575439453,5.379500389099121,6075200
0.8892441987991333,-1.3471081256866455,4.333333492279053,6.262640953063965,5.804777145385742,6086400
0.04883277043700218,-1.347903847694397,0.0,-8.076825141906738,-9.375896453857422,6097600
0.06161218136548996,-1.3468306064605713,0.0,-10.328479766845703,-11.61369800567627,6109600
0.39170536398887634,-1.3482301235198975,0.0,-0.638201892375946,-1.5947266817092896,6120800
0.019085315987467766,-1.3469403982162476,0.0,-4.8383660316467285,-6.1662211418151855,6132000
0.025475934147834778,-1.3467870950698853,0.0,-5.33944034576416,-6.6607513427734375,6144000
0.014083292335271835,-1.3485767841339111,0.0,-4.893213748931885,-6.2277069091796875,6154400
0.019893119111657143,-1.348453164100647,0.0,-4.506167411804199,-5.8347272872924805,6166400
0.016094021499156952,-1.347602367401123,0.3333333432674408,-4.6650590896606445,-5.996567249298096,6177600
1.310199499130249,-1.3485157489776611,0.0,15.388324737548828,15.350008964538574,6188000
0.04632267355918884,-1.347273826599121,0.0,-9.206032752990723,-10.506983757019043,6200000
0.014431895688176155,-1.3480160236358643,1.0,-3.605898141860962,-4.93948221206665,6211200
0.018130676820874214,-1.34785795211792,0.5,-4.265326499938965,-5.595053672790527,6222400
0.9168932437896729,-1.3459093570709229,0.0,9.788108825683594,9.359092712402344,6233600
0.6125853061676025,-1.346237301826477,2.200000047683716,6.554721355438232,5.821069717407227,6244800
0.005136189982295036,-1.346693992614746,0.0,-0.3904723525047302,-1.7320301532745361,6256000
0.01227385550737381,-1.3486791849136353,0.0,-4.392679691314697,-5.7290849685668945,6267200
0.012740129604935646,-1.3460917472839355,0.5,-3.8553433418273926,-5.188694953918457,6279200
0.010879742912948132,-1.3453478813171387,0.0,-3.514791965484619,-4.849260330200195,6290400
0.015550111420452595,-1.3454869985580444,0.0,-2.852515697479248,-4.18245267868042,6301600
0.007590360939502716,-1.3471629619598389,0.0,-2.0754587650299072,-3.4150314331054688,6312800
2.3093180656433105,-1.3473231792449951,3.0,15.50295639038086,16.46495246887207,6324000
0.010148868896067142,-1.3469817638397217,0.0,-4.244728088378906,-5.581561088562012,6335200
0.03131570667028427,-1.3473823070526123,0.0,-4.669394016265869,-5.98546028137207,6346400
0.023511214181780815,-1.3462766408920288,0.0,-3.806685209274292,-5.129450798034668,6357600
0.02668524719774723,-1.345933198928833,0.0,-5.948748588562012,-7.267996788024902,6368800
0.01779906451702118,-1.3484469652175903,0.0,-5.688050270080566,-7.018698215484619,6380800
0.02105720154941082,-1.3481768369674683,0.0,-6.160926342010498,-7.488046169281006,6392000
0.011363505385816097,-1.348294973373413,0.0,-4.904002666473389,-6.240934371948242,6403200
0.6731478571891785,-1.348529577255249,0.0,4.7639031410217285,4.0885210037231445,6414400
1.9641534090042114,-1.348220944404602,0.0,27.269153594970703,27.885086059570312,6425600
0.02594291791319847,-1.3489190340042114,0.0,-5.4728240966796875,-6.79580020904541,6436800
0.07990046590566635,-1.3471662998199463,5.5,-0.754287838935852,-2.0215537548065186,6448800
0.1898920089006424,-1.3482452630996704,0.3333333432674408,-6.750102519989014,-7.908455848693848,6460000
0.035980887711048126,-1.3482465744018555,0.0,-3.5687453746795654,-4.881011009216309,6471200
0.4256771504878998,-1.3498613834381104,11.0,5.664945602416992,4.740761756896973,6482400
0.005484293214976788,-1.3502843379974365,0.0,-2.9259185791015625,-4.270718574523926,6493600
0.021436672657728195,-1.348663091659546,0.0,-5.7759785652160645,-7.103204727172852,6504800
1.8779308795928955,-1.3470803499221802,12.0,13.786378860473633,14.317229270935059,6516800
0.03228681907057762,-1.3493019342422485,0.0,-6.7297587394714355,-8.046773910522461,6528000
0.012338281609117985,-1.3496731519699097,0.0,-0.8215157985687256,-2.15885066986084,6539200
0.017964722588658333,-1.3493751287460327,0.0,-4.4346795082092285,-5.766089916229248,6550400
0.01661260984838009,-1.3482074737548828,0.0,-2.595844268798828,-3.9274392127990723,6562400
0.7967352867126465,-1.3467849493026733,0.0,9.273266792297363,8.723217010498047,6573600
0.6165220141410828,-1.3465957641601562,0.3333333432674408,-0.07018724828958511,-0.8002610206604004,6584800
0.25259295105934143,-1.3479559421539307,6.0,-0.7059879899024963,-1.8013509511947632,6596000
0.02027689851820469,-1.3483413457870483,0.5,-5.823718547821045,-7.151782989501953,6608000
0.1889556497335434,-1.3483335971832275,0.0,0.0375598706305027,-1.1218180656433105,6619200
0.6264234781265259,-1.3476814031600952,4.0,6.665947914123535,5.944689750671387,6630400
0.8709180355072021,-1.3468835353851318,4.599999904632568,11.81209945678711,11.33613395690918,6641600
0.049338676035404205,-1.3495409488677979,0.20000000298023224,-7.843698501586914,-9.143900871276855,6653600
1.0484199523925781,-1.3476394414901733,0.0,8.678220748901367,8.37900161743164,6664800
0.021428227424621582,-1.3470426797866821,0.0,-4.722710609436035,-6.048325061798096,6676000
1.28665292263031,-1.3462611436843872,3.6666667461395264,17.47382164001465,17.414213180541992,6687200
0.0419449545443058,-1.3461990356445312,0.0,-7.201423168182373,-8.505677223205566,6699200
2.229558229446411,-1.3463757038116455,0.0,18.638431549072266,19.52161407470703,6710400
0.03366057947278023,-1.3475428819656372,0.5,-5.871237277984619,-7.18511962890625,6720800
0.02428911067545414,-1.3482229709625244,0.0,-6.28538703918457,-7.609320640563965,6732800
0.508475661277771,-1.34633469581604,5.5,3.9055252075195312,3.0676662921905518,6744000
1.46932053565979,-1.3486748933792114,0.0,15.910636901855469,16.031282424926758,6756000
0.03050340712070465,-1.347973108291626,0.0,-7.950793266296387,-9.26826286315918,6767200
0.049217261373996735,-1.3470683097839355,1.0,-7.772914886474609,-9.07076644897461,6778400
0.04947424307465553,-1.3472137451171875,0.6666666865348816,-5.705439567565918,-7.00317907333374,6789600
1.0731456279754639,-1.3487131595611572,4.0,9.629785537719727,9.354218482971191,6801600
0.05343376845121384,-1.34896981716156,0.5,-8.126592636108398,-9.422128677368164,6812800
0.0113103948533535,-1.3496683835983276,0.0,-3.5834248065948486,-4.921782970428467,6824000
0.019521215930581093,-1.3491592407226562,0.0,-2.6938157081604004,-4.023453712463379,6835200
0.011693551205098629,-1.349528193473816,0.0,-3.7801764011383057,-5.118010997772217,6847200
0.021979324519634247,-1.3491233587265015,0.20000000298023224,-3.5015172958374023,-4.8286614418029785,6858400
1.6577688455581665,-1.3492192029953003,0.0,23.546377182006836,23.85492706298828,6869600
0.5333680510520935,-1.3489477634429932,11.0,5.134758949279785,4.319179534912109,6880800
0.03201791271567345,-1.3473730087280273,0.0,-5.9599289894104,-7.275284290313721,6892000
0.06043052673339844,-1.3494665622711182,0.0,-8.29177474975586,-9.580810546875,6904000
0.04623289033770561,-1.3483418226242065,1.0,-8.509862899780273,-9.811971664428711,6915200
0.09898530691862106,-1.3475456237792969,0.0,-13.351228713989258,-14.599788665771484,6926400
0.020230602473020554,-1.3484711647033691,0.0,-3.9711005687713623,-5.299341201782227,6938400
0.013718945905566216,-1.3466243743896484,0.0,-3.592576026916504,-4.925481796264648,6949600
0.03538281098008156,-1.3500117063522339,0.0,-7.318948745727539,-8.633577346801758,6960800
0.008230791427195072,-1.348413109779358,0.0,-2.6465442180633545,-3.986726760864258,6972000
0.04892831668257713,-1.3468739986419678,0.0,-7.048086643218994,-8.34603214263916,6984000
0.0408792607486248,-1.3472014665603638,1.0,-5.726446151733398,-7.032768249511719,6995200
2.0514585971832275,-1.3470994234085083,4.0,12.24499225616455,12.94935131072998,7007200
0.9383255839347839,-1.3479254245758057,0.0,7.022042274475098,6.6124420166015625,7018400
0.05794624611735344,-1.349081039428711,0.0,-8.445520401000977,-9.736655235290527,7029600
0.05997397005558014,-1.348117470741272,0.0,-7.012585163116455,-8.300728797912598,7040800
0.03021964430809021,-1.3485461473464966,0.25,-3.220349073410034,-4.538675785064697,7052000
0.028858225792646408,-1.3490378856658936,0.0,-5.187695026397705,-6.507874488830566,7063200
0.011532492935657501,-1.3490769863128662,0.0,-4.716914653778076,-6.054459571838379,7075200
0.7579182982444763,-1.3487622737884521,5.5,8.080044746398926,7.489200592041016,7086400
0.06680028140544891,-1.348299503326416,0.5,-10.500797271728516,-11.782297134399414,7097600
0.06725355982780457,-1.3481066226959229,0.0,-8.528287887573242,-9.809141159057617,7109600
0.5270397067070007,-1.3481113910675049,3.6666667461395264,1.076130747795105,0.25505900382995605,7120800
0.020996324717998505,-1.348572015762329,0.0,-5.130368709564209,-6.457944869995117,7132000
0.03785382956266403,-1.3464438915252686,0.0,-6.666570663452148,-7.975160598754883,7143200
0.9661601781845093,-1.3477762937545776,4.0,7.493363380432129,7.111746788024902,7154400
0.029192056506872177,-1.3476219177246094,0.0,-4.916428089141846,-6.23485803604126,7165600
0.9549098014831543,-1.3491567373275757,0.0,10.814129829406738,10.419882774353027,7177600
0.07627381384372711,-1.3471698760986328,0.1666666716337204,-11.713526725769043,-12.98442268371582,7188800
0.47369298338890076,-1.3443812131881714,11.0,-5.049816608428955,-5.920505046844482,7200000
0.031497955322265625,-1.3480254411697388,0.20000000298023224,-6.644742965698242,-7.961270332336426,7211200
0.713911235332489,-1.3497010469436646,2.75,9.64585018157959,9.01006031036377,7223200
0.007359360344707966,-1.349453091621399,0.0,-3.1396608352661133,-4.481754779815674,7234400
0.7825242280960083,-1.3475266695022583,0.0,7.945732593536377,7.380730628967285,7245600
0.030068902298808098,-1.3471837043762207,0.4000000059604645,-7.472804546356201,-8.789918899536133,7256800
0.05088527873158455,-1.3455207347869873,0.0,-8.800820350646973,-10.09545612335205,7268000
0.5231136083602905,-1.3457118272781372,0.5,-1.4239636659622192,-2.2465620040893555,7279200
0.02563803270459175,-1.3466451168060303,0.0,-6.478305339813232,-7.799312591552734,7291200
0.11651299148797989,-1.342915415763855,0.0,-10.928071022033691,-12.154473304748535,7301600
0.027346529066562653,-1.3485249280929565,0.4000000059604645,-7.377022743225098,-8.698201179504395,7310400
1.1551415920257568,-1.3489909172058105,11.0,12.612895965576172,12.419046401977539,7320000
0.02865580841898918,-1.3471494913101196,0.0,-5.076810836791992,-6.395304203033447,7329600
0.08521508425474167,-1.3454943895339966,0.0,-10.770939826965332,-12.031219482421875,7340000
0.0364898256957531,-1.3494545221328735,0.0,-6.79109525680542,-8.104060173034668,7349600
1.0531692504882812,-1.3499070405960083,0.0,11.736065864562988,11.43932819366455,7359200
0.01792459562420845,-1.34857177734375,0.0,-5.066027641296387,-6.396674633026123,7368800
0.7219533324241638,-1.3477845191955566,0.5,4.038206577301025,3.4123754501342773,7378400
1.2796920537948608,-1.347042202949524,2.75,11.877368927001953,11.810018539428711,7388000
0.025373870506882668,-1.3467668294906616,0.0,-4.873598098754883,-6.194991111755371,7397600
0.6996619701385498,-1.3482578992843628,0.20000000298023224,8.437554359436035,7.788958549499512,7407200
0.029054658487439156,-1.346968650817871,0.0,-5.856821537017822,-7.1747355461120605,7416800
1.7841954231262207,-1.3471686840057373,11.333333015441895,27.534626007080078,27.97165298461914,7427200
0.01618952490389347,-1.3468017578125,0.0,-5.076692581176758,-6.407304763793945,7436800
0.024774882942438126,-1.3486918210983276,1.0,-5.3278703689575195,-6.651787281036377,7446400
0.13548152148723602,-1.3475592136383057,0.0,-3.6151957511901855,-4.827273368835449,7456800
1.601820945739746,-1.347596287727356,5.5,24.529281616210938,24.783506393432617,7466400
0.02480461075901985,-1.349959135055542,0.0,-6.431096076965332,-7.756250381469727,7476000
0.9097256064414978,-1.3478436470031738,0.0,8.351624488830566,7.913506031036377,7485600
0.07357554137706757,-1.345792531967163,0.0,-10.405633926391602,-11.677850723266602,7495200
0.012960797175765038,-1.3503828048706055,0.0,-4.874904632568359,-6.212326526641846,7505600
0.022583097219467163,-1.3489799499511719,0.0,-6.301482200622559,-7.6278791427612305,7515200
0.7448368072509766,-1.349012851715088,0.0,9.063124656677246,8.458948135375977,7525600
0.6677512526512146,-1.349947452545166,0.0,2.5461206436157227,1.863924503326416,7535200
0.5943352580070496,-1.3475422859191895,0.0,1.9206115007400513,1.1674044132232666,7544800
0.16385184228420258,-1.3468202352523804,1.0,-4.426264762878418,-5.609233379364014,7554400
0.03827468305826187,-1.3492186069488525,0.0,-7.397454738616943,-8.708398818969727,7564000
0.031995635479688644,-1.3468083143234253,0.0,-4.897670269012451,-6.212482929229736,7573600
0.018020283430814743,-1.349642038345337,0.0,-5.123619556427002,-6.4552412033081055,7583200
0.01746961660683155,-1.3484857082366943,0.0,-4.015049934387207,-5.346065998077393,7593600
0.009753866121172905,-1.349861741065979,0.0,-4.2072625160217285,-5.547370433807373,7603200
0.5716536045074463,-1.3486655950546265,0.3333333432674408,0.8997060060501099,0.12269401550292969,7612800
0.01913989521563053,-1.3504018783569336,0.0,-4.549253940582275,-5.880516052246094,7622400
0.014825352467596531,-1.3498090505599976,0.0,-4.8767409324646,-6.211724758148193,7632800
0.021656598895788193,-1.3505423069000244,1.0,-0.6889168620109558,-2.0178027153015137,7642400
0.022035904228687286,-1.3489692211151123,0.0,-6.5499396324157715,-7.876873016357422,7652800
1.0986731052398682,-1.3482098579406738,0.0,14.43802261352539,14.188486099243164,7662400
0.031178226694464684,-1.348395824432373,0.0,-4.0118842124938965,-5.3291015625,7672000
0.016452273353934288,-1.3468376398086548,0.0,-4.15001916885376,-5.480404376983643,7681600
0.7482962012290955,-1.3478760719299316,11.0,9.777785301208496,9.178205490112305,7691200
0.041549745947122574,-1.3493760824203491,0.25,-5.506971836090088,-6.814798355102539,7701600
1.417970895767212,-1.3469921350479126,0.3333333432674408,15.436753273010254,15.507732391357422,7711200
0.4935741722583771,-1.3500325679779053,1.8333333730697632,8.884058952331543,8.027600288391113,7720800
0.030160071328282356,-1.3505600690841675,0.5,-5.474968910217285,-6.7953691482543945,7730400
0.02073480375111103,-1.349446415901184,0.0,-5.341931343078613,-6.670642852783203,7740000
0.43881359696388245,-1.3495043516159058,3.6666667461395264,-0.14899441599845886,-1.059685230255127,7750400
0.5685225129127502,-1.3492116928100586,2.4000000953674316,3.0105888843536377,2.2298996448516846,7760000
0.009005455300211906,-1.3475759029388428,0.0,-3.49295711517334,-4.8315277099609375,7770400
0.018019748851656914,-1.3496052026748657,0.0,-6.080076217651367,-7.411661624908447,7780800
0.041379522532224655,-1.3445777893066406,0.0,-6.798847198486328,-8.102045059204102,7791200
0.7066227793693542,-1.3484283685684204,2.200000047683716,8.172815322875977,7.531010150909424,7801600
0.017271047458052635,-1.3480350971221924,1.0,-5.205827713012695,-6.536591529846191,7812000
0.027720175683498383,-1.3483543395996094,1.0,-5.98130989074707,-7.301944255828857,7821600
1.1980112791061401,-1.3476026058197021,4.0,12.52286434173584,12.373272895812988,7832000
0.09016099572181702,-1.3478236198425293,0.4000000059604645,-11.372998237609863,-12.630661010742188,7841600
0.13207519054412842,-1.3453515768051147,0.0,-14.288061141967773,-15.501337051391602,7852000
0.03483949601650238,-1.347434401512146,2.0,-3.890573263168335,-5.2031683921813965,7861600
0.9438482522964478,-1.3473304510116577,0.6666666865348816,9.028437614440918,8.624956130981445,7872000
0.6275284290313721,-1.3486777544021606,0.3333333432674408,5.748868942260742,5.027719497680664,7882400
0.6094626188278198,-1.3495463132858276,0.0,1.5558143854141235,0.8157306909561157,7892000
0.015808161348104477,-1.3473002910614014,0.0,-5.115767002105713,-6.447258949279785,7902400
0.04105004668235779,-1.348097562789917,0.0,-5.6793975830078125,-6.986445426940918,7913600
0.010386310517787933,-1.3484461307525635,0.0,-3.2304584980010986,-4.56851863861084,7924000
0.022296877577900887,-1.3475521802902222,1.0,-6.356235980987549,-7.681491374969482,7933600
2.0714921951293945,-1.3477264642715454,0.5,26.47447395324707,27.198240280151367,7944000
0.5251301527023315,-1.3463791608810425,7.333333492279053,2.168224573135376,1.3469754457473755,7954400
0.018424559384584427,-1.3481957912445068,0.0,-5.1086039543151855,-6.438375473022461,7964000
0.032310858368873596,-1.3467543125152588,0.5,-6.8635759353637695,-8.178019523620605,7973600
0.026068538427352905,-1.3480638265609741,1.0,-5.827226161956787,-7.149221420288086,7983200
0.7726268768310547,-1.3446903228759766,0.0,7.535620212554932,6.963556289672852,7992800
0.8159424662590027,-1.3467004299163818,0.0,9.32901382446289,8.798255920410156,8002400
0.07791327685117722,-1.3464525938034058,0.0,-11.521635055541992,-12.79017448425293,8012000
0.10981015861034393,-1.3446192741394043,0.0,-8.5615234375,-9.796333312988281,8021600
1.62261962890625,-1.345933198928833,3.6666667461395264,20.056997299194336,20.333683013916016,8031200
0.04707960784435272,-1.3485512733459473,0.3333333432674408,-9.614703178405762,-10.916173934936523,8040800
0.07218843698501587,-1.3471324443817139,1.0,-10.183818817138672,-11.458763122558594,8050400
0.979546070098877,-1.3464607000350952,0.0,10.2657470703125,9.898832321166992,8060000
1.2625458240509033,-1.347957730293274,2.75,15.9135103225708,15.82809829711914,8070400
1.2251216173171997,-1.348192572593689,5.5,12.348562240600586,12.225491523742676,8080000
0.5230295658111572,-1.3462516069412231,6.0,6.492279529571533,5.669057846069336,8089600
1.8446004390716553,-1.3451987504959106,4.666666507720947,22.21993637084961,22.719337463378906,8099200
0.05548042058944702,-1.3483953475952148,0.0,-5.528872489929199,-6.821787357330322,8108800
1.455606460571289,-1.3443697690963745,12.0,16.52477264404297,16.636009216308594,8119200
0.6382207274436951,-1.347891092300415,0.3333333432674408,-1.6225614547729492,-2.3322317600250244,8128800
1.8231744766235352,-1.3437615633010864,3.6666667461395264,25.603979110717773,26.083393096923828,8138400
0.5637587904930115,-1.347130537033081,11.0,8.802306175231934,8.01893424987793,8148000
0.1109333336353302,-1.3485621213912964,0.6666666865348816,-4.502262115478516,-5.739891052246094,8157600
1.5826853513717651,-1.347401738166809,0.0,23.379398345947266,23.614681243896484,8167200
1.028926968574524,-1.3428990840911865,0.0,8.669683456420898,8.355710983276367,8176800
0.48224082589149475,-1.3455479145050049,2.5999999046325684,0.26097479462623596,-0.6023322939872742,8187200
1.9507601261138916,-1.343606948852539,6.0,24.654203414916992,25.261356353759766,8196800
0.03968557342886925,-1.3452630043029785,0.0,-6.7637505531311035,-8.069328308105469,8206400
0.07204674184322357,-1.3474770784378052,0.0,-9.159018516540527,-10.434449195861816,8216000
0.06125808134675026,-1.3453315496444702,0.0,-6.373219013214111,-7.657292366027832,8225600
0.01886008121073246,-1.3468390703201294,0.0,-5.047172546386719,-6.375151634216309,8235200
0.053692322224378586,-1.3479292392730713,0.0,-6.843250274658203,-8.137487411499023,8245600
1.8407542705535889,-1.343475103378296,0.3333333432674408,18.96582794189453,19.463106155395508,8255200
0.9371650218963623,-1.3464008569717407,0.0,5.402198314666748,4.99296236038208,8264800
0.02869594842195511,-1.3466252088546753,0.0,-5.270598411560059,-6.588527679443359,8275200
0.04480249807238579,-1.3446927070617676,0.0,-7.335577487945557,-8.635467529296875,8284800
0.052909210324287415,-1.3442760705947876,0.0,-5.910890102386475,-7.202256679534912,8294400
0.03674266114830971,-1.3464624881744385,0.0,-5.7127461433410645,-7.022465705871582,8304000
0.5418540835380554,-1.3455851078033447,2.75,4.389281749725342,3.585550546646118,8313600
0.9148194789886475,-1.344167947769165,0.0,7.2227373123168945,6.793389320373535,8323200
0.03694375976920128,-1.3446143865585327,0.5,-7.68847131729126,-8.99614143371582,8332800
0.4454426169395447,-1.346283197402954,3.6666667461395264,-2.4768893718719482,-3.377729892730713,8343200
0.02420896850526333,-1.3457897901535034,1.0,-7.011233806610107,-8.33281421661377,8352800
0.6533371210098267,-1.3441017866134644,0.4000000059604645,-2.7141571044921875,-3.4049220085144043,8362400
0.031598519533872604,-1.3447562456130981,0.25,-7.564440727233887,-8.877598762512207,8372800
0.029089057818055153,-1.3413479328155518,0.0,-5.708034992218018,-7.020294189453125,8382400
0.060793377459049225,-1.3428198099136353,0.0,-6.099813938140869,-7.381840229034424,8392000
0.01619775779545307,-1.346915602684021,0.0,-4.061291217803955,-5.392009258270264,8402400
0.03933577984571457,-1.3449009656906128,0.0,-7.694637298583984,-9.000202178955078,8412800
0.017066482454538345,-1.3441213369369507,0.0,-5.235424041748047,-6.562479019165039,8422400
0.023485403507947922,-1.3438736200332642,0.0,-6.009857654571533,-7.3302459716796875,8432000
0.07540074735879898,-1.344502568244934,0.0,-10.32312297821045,-11.592225074768066,8442400
0.0225989930331707,-1.3433091640472412,0.0,-4.333738327026367,-5.654448509216309,8452000
1.1973494291305542,-1.348814845085144,0.0,15.53312873840332,15.38166332244873,8461600
0.40021640062332153,-1.3473418951034546,3.6666667461395264,0.29495081305503845,-0.652174711227417,8471200
0.006915161851793528,-1.3484776020050049,0.0,-3.352147340774536,-4.693709850311279,8481600
1.6448993682861328,-1.3481566905975342,11.0,23.932083129882812,24.22882652282715,8491200
0.024728896096348763,-1.346321940422058,0.5,-6.270509719848633,-7.592103004455566,8500800
0.01901675947010517,-1.3484488725662231,0.0,-5.260307788848877,-6.589739799499512,8510400
0.6193330883979797,-1.344260573387146,0.0,8.413500785827637,7.688573360443115,8520800
0.03178084269165993,-1.347726583480835,0.0,-6.440179824829102,-7.756125450134277,8530400
0.9405531287193298,-1.3478684425354004,0.0,5.193121433258057,4.785806179046631,8540000
0.7228627800941467,-1.3470672369003296,5.5,5.3850812911987305,4.760876655578613,8549600
0.03920338302850723,-1.3464173078536987,0.0,-6.888062953948975,-8.195277214050293,8559200
0.025500303134322166,-1.3491929769515991,0.0,-5.695889472961426,-7.019582271575928,8568800
0.023819254711270332,-1.346845030784607,0.0,-6.184504985809326,-7.507530689239502,8579200
0.0743279755115509,-1.3444820642471313,0.0,-9.089277267456055,-10.359431266784668,8588800
0.8064947128295898,-1.3454258441925049,3.8333332538604736,9.701285362243652,9.162354469299316,8598400
1.1734838485717773,-1.3464828729629517,2.75,8.787193298339844,8.6141939163208,8608000
0.0209447480738163,-1.3477903604507446,0.0,-5.450069427490234,-6.776915073394775,8617600
1.9462147951126099,-1.343132734298706,1.7142857313156128,20.930438995361328,21.53352165222168,8627200
0.8664672374725342,-1.3429063558578491,0.5,5.2210469245910645,4.744607448577881,8637600
1.0598570108413696,-1.3448210954666138,0.0,7.860690593719482,7.575726509094238,8648000
0.034711483865976334,-1.344903588294983,0.0,-5.707453727722168,-7.017645835876465,8657600
0.08706720918416977,-1.346203327178955,0.0,-8.847220420837402,-10.106355667114258,8667200
0.032535504549741745,-1.3411564826965332,0.0,-6.5602617263793945,-7.868882656097412,8676800
0.07819370925426483,-1.3465487957000732,0.0,-9.542560577392578,-10.81091594696045,8687200
0.0194777213037014,-1.3463374376296997,0.3333333432674408,-2.8719661235809326,-4.198825836181641,8697600
0.9155532121658325,-1.343907117843628,0.0,8.238214492797852,7.8098602294921875,8708800
2.417652130126953,-1.3432899713516235,0.0,30.38959503173828,31.463956832885742,8719200
1.09560227394104,-1.3444466590881348,0.0,6.755515098571777,6.5066704750061035,8729600
0.04560602083802223,-1.344578504562378,0.0,-8.370237350463867,-9.669210433959961,8740000
0.08915414661169052,-1.3420265913009644,0.3333333432674408,-10.400626182556152,-11.653498649597168,8749600
0.6571063995361328,-1.3452458381652832,1.0,6.8804240226745605,6.19228458404541,8760000
0.07293417304754257,-1.34061861038208,0.0,-7.692775249481201,-8.96045970916748,8769600
0.0237591452896595,-1.3421016931533813,0.0,-5.02569580078125,-6.344038009643555,8779200
3.158824920654297,-1.3430287837982178,4.333333492279053,31.260831832885742,33.07662582397461,8789600
0.8291261792182922,-1.3436007499694824,0.0,7.046137809753418,6.531663417816162,8799200
0.8232890963554382,-1.3423668146133423,0.0,8.281874656677246,7.762796878814697,8809600
0.6512572169303894,-1.3451229333877563,0.25,0.050375454127788544,-0.6434902548789978,8819200
0.0573362372815609,-1.3465501070022583,0.0,-9.486571311950684,-10.775785446166992,8829600
0.018773842602968216,-1.347100019454956,0.3333333432674408,-5.629739761352539,-6.958065986633301,8839200
0.055478792637586594,-1.3473551273345947,0.0,-8.460942268371582,-9.75281810760498,8849600
0.6831604838371277,-1.3437286615371704,1.5,1.6320375204086304,0.9714692831039429,8859200
0.023445764556527138,-1.3432934284210205,0.0,-6.214761734008789,-7.534609794616699,8868800
0.5684057474136353,-1.3433259725570679,12.0,6.247228145599365,5.4723076820373535,8878400
0.630570113658905,-1.3461048603057861,4.0,0.7414066791534424,0.025871992111206055,8888000
0.05639731511473656,-1.343030571937561,0.0,-7.639514446258545,-8.9261474609375,8897600
0.08788584172725677,-1.3464595079421997,0.5,-11.116720199584961,-12.375293731689453,8908000
1.838491439819336,-1.3451979160308838,0.0,26.530529022216797,27.023822784423828,8917600
0.4975219964981079,-1.3450661897659302,5.5,1.0799076557159424,0.23236346244812012,8927200
0.02631199359893799,-1.3441604375839233,0.0,-5.921213626861572,-7.239062309265137,8936800
0.029374362900853157,-1.3455431461334229,0.0,-7.843684196472168,-9.159852981567383,8947200
1.9634408950805664,-1.3421871662139893,0.0,28.595932006835938,29.21718406677246,8956800
0.021724991500377655,-1.3487107753753662,0.0,-4.209120750427246,-5.536106109619141,8966400
2.3481545448303223,-1.3427352905273438,6.0,23.726524353027344,24.731943130493164,8976000
0.04456224665045738,-1.3452869653701782,0.5,-8.296952247619629,-9.597677230834961,8986400
0.032350074499845505,-1.3478196859359741,0.0,-7.997852802276611,-9.313322067260742,8996000
0.4449451267719269,-1.3473289012908936,6.0,1.0329205989837646,0.13053679466247559,9005600
0.028774399310350418,-1.3453290462493896,0.4000000059604645,-4.142813682556152,-5.459368705749512,9016000
0.1422494351863861,-1.3452905416488647,0.0,-14.752145767211914,-15.95518684387207,9025600
0.3519151210784912,-1.345517873764038,1.0,-1.8102260828018188,-2.803828716278076,9035200
0.04081287607550621,-1.3449584245681763,0.0,-7.177496910095215,-8.481642723083496,9044800
0.03651781752705574,-1.3492333889007568,0.0,-6.5465240478515625,-7.85923957824707,9054400
0.46846795082092285,-1.3491129875183105,3.6666667461395264,2.209446430206299,1.3288013935089111,9064800
0.028358642011880875,-1.3486440181732178,0.0,-4.396317958831787,-5.7166032791137695,9074400
0.015021810308098793,-1.3479167222976685,0.0,-4.0841193199157715,-5.417014122009277,9084800
0.14612065255641937,-1.3465173244476318,0.0,-7.390939712524414,-8.591336250305176,9094400
0.6288052201271057,-1.3492319583892822,2.4000000953674316,2.5386385917663574,1.8182117938995361,9103200
0.058326639235019684,-1.3439066410064697,0.0,-10.118075370788574,-11.403655052185059,9113600
0.01782805286347866,-1.3486944437026978,0.0,-5.0869526863098145,-6.417819023132324,9123200
0.962234616279602,-1.3468570709228516,0.0,7.049561023712158,6.664938926696777,9132800
0.02060030773282051,-1.3496711254119873,1.0,-6.099321365356445,-7.42839241027832,9143200
0.06955569982528687,-1.3471037149429321,0.0,-7.707578182220459,-8.985126495361328,9152000
0.3670971095561981,-1.3439147472381592,2.75,-3.07112193107605,-4.047939300537109,9162400
0.06115937978029251,-1.3463211059570312,0.0,-7.254273414611816,-8.539434432983398,9172000
0.023327773436903954,-1.3482972383499146,0.0,-5.003000736236572,-6.327970027923584,9181600
0.8763943910598755,-1.3485316038131714,0.6666666865348816,11.764209747314453,11.292072296142578,9191200
0.023842258378863335,-1.3478317260742188,0.25,-6.34993314743042,-7.673922538757324,9201600
0.015120906755328178,-1.346770167350769,0.0,-4.725504398345947,-6.057153701782227,9211200
0.032559286803007126,-1.3476840257644653,0.0,-6.609949111938477,-7.925073623657227,9221600
0.9381804466247559,-1.346559762954712,0.0,7.779153823852539,7.37077522277832,9231200
0.01882067322731018,-1.3467180728912354,0.5,-5.849826335906982,-7.1777238845825195,9240800
0.21513758599758148,-1.3462445735931396,0.3333333432674408,-3.7367005348205566,-4.867807388305664,9250400
0.06644146144390106,-1.3478039503097534,0.0,-8.389418601989746,-9.670781135559082,9260000
1.8381047248840332,-1.348102331161499,0.0,20.64278221130371,21.132783889770508,9269600
0.014175651594996452,-1.3492618799209595,0.0,-4.489921569824219,-5.825007915496826,9280000
0.012519024312496185,-1.3471624851226807,0.0,-4.212713241577148,-5.547356605529785,9289600
0.7351198792457581,-1.3457751274108887,3.0,5.738136291503906,5.127480983734131,9299200
0.40256375074386597,-1.3485865592956543,0.3333333432674408,0.41197991371154785,-0.5340428948402405,9308800
0.5900763273239136,-1.3462715148925781,0.0,1.3198394775390625,0.563644289970398,9319200
0.40178143978118896,-1.3468348979949951,0.0,0.8478875756263733,-0.09716582298278809,9328800
0.06543804705142975,-1.3450453281402588,0.5,-7.394165515899658,-8.673772811889648,9339200
0.231758713722229,-1.3489528894424438,0.0,-3.1014249324798584,-4.218618869781494,9348800
0.8691014647483826,-1.348312497138977,11.0,7.2127227783203125,6.733511924743652,9358400
2.053980827331543,-1.3483422994613647,0.3333333432674408,22.24846649169922,22.954105377197266,9368800
0.8397221565246582,-1.3460705280303955,1.0,6.306586742401123,5.800238609313965,9378400
1.0935873985290527,-1.3475583791732788,0.25,5.672708988189697,5.418737888336182,9388000
0.31419023871421814,-1.3473788499832153,3.6666667461395264,-0.08596958220005035,-1.119158148765564,9398400
0.3450729250907898,-1.347222089767456,0.0,-1.7020552158355713,-2.7042043209075928,9408000
1.1330643892288208,-1.3442294597625732,3.0,7.640267848968506,7.429102897644043,9417600
0.02844938077032566,-1.3489166498184204,0.0,-6.27499532699585,-7.595462322235107,9427200
1.500063180923462,-1.3461971282958984,0.25,11.962669372558594,12.116535186767578,9437600
0.9578399062156677,-1.3468395471572876,0.0,8.675934791564941,8.286934852600098,9447200
0.056727539747953415,-1.3466243743896484,0.5,-6.734945297241211,-8.024842262268066,9457600
0.03472790867090225,-1.3459511995315552,1.0,-6.618035316467285,-7.929258346557617,9467200
0.06470320373773575,-1.346235990524292,0.5,-9.573827743530273,-10.855360984802246,9477600
0.027153976261615753,-1.3476003408432007,0.0,-6.826226711273193,-8.146673202514648,9488800
0.02328488789498806,-1.348224401473999,0.0,-5.582475662231445,-6.907415390014648,9499200
1.7252942323684692,-1.3464826345443726,1.0,19.375125885009766,19.753936767578125,9510400
0.03338673338294029,-1.3467907905578613,0.0,-5.0173516273498535,-6.330755710601807,9520800
0.9067513346672058,-1.345239520072937,12.0,11.544482231140137,11.10599422454834,9531200
1.1752992868423462,-1.3456169366836548,0.0,14.573589324951172,14.403271675109863,9540800
0.3933491110801697,-1.3447009325027466,11.0,-1.7455860376358032,-2.6969380378723145,9551200
0.06087520346045494,-1.3466962575912476,0.0,-4.545352458953857,-5.831173419952393,9560800
0.0372660793364048,-1.3451366424560547,0.0,-7.990522384643555,-9.298393249511719,9570400
1.3028059005737305,-1.3463526964187622,0.0,12.306025505065918,12.262478828430176,9580800
1.6355020999908447,-1.3451833724975586,4.0,20.286453247070312,20.576770782470703,9591200
3.655085563659668,-1.3469195365905762,0.0,21.667795181274414,23.97595977783203,9601600
0.02237042970955372,-1.3473654985427856,0.0,-6.19886589050293,-7.523860931396484,9611200
0.05741823837161064,-1.345999836921692,0.0,-7.705547332763672,-8.994129180908203,9620800
0.8386023044586182,-1.3442857265472412,6.25,9.018821716308594,8.513137817382812,9631200
0.08358591049909592,-1.3454095125198364,0.0,-9.733380317687988,-10.995203971862793,9640800
0.028292791917920113,-1.3436444997787476,0.0,-7.477653503417969,-8.793004989624023,9650400
0.6401944160461426,-1.346643090248108,0.5,0.3046063482761383,-0.4018423557281494,9660000
0.029755452647805214,-1.3470256328582764,0.0,-7.1559906005859375,-8.473260879516602,9670400
0.008703624829649925,-1.3489303588867188,0.0,-3.345870018005371,-4.686096668243408,9680000
0.05301056429743767,-1.3460619449615479,0.0,-8.118971824645996,-9.412022590637207,9689600
0.20559725165367126,-1.3488199710845947,0.0,-2.1845781803131104,-3.327800750732422,9699200
0.048582375049591064,-1.3451200723648071,0.0,-7.15020751953125,-8.446744918823242,9708800
0.677666187286377,-1.3435697555541992,1.7142857313156128,2.745413064956665,2.0795094966888428,9719200
0.0967399924993515,-1.3475914001464844,0.0,-10.867793083190918,-12.118644714355469,9728800
0.038650404661893845,-1.3482812643051147,0.0,-3.6794543266296387,-4.9890851974487305,9738400
0.0872131958603859,-1.3485212326049805,0.0,-8.311454772949219,-9.572762489318848,9748000
1.5599623918533325,-1.345023512840271,6.0,17.34929084777832,17.56422996520996,9758400
0.04025890678167343,-1.3438143730163574,0.5,-7.435080051422119,-8.738636016845703,9768000
0.026273654773831367,-1.3450329303741455,0.25,-5.991971969604492,-7.310730934143066,9777600
0.040127113461494446,-1.3439866304397583,0.5,-8.050562858581543,-9.354422569274902,9787200
0.7254355549812317,-1.3473284244537354,5.5,7.691076278686523,7.069183349609375,9797600
1.0054266452789307,-1.3473536968231201,0.0,11.473962783813477,11.132035255432129,9807200
0.02168642356991768,-1.3487881422042847,0.0,-5.398884296417236,-6.725986003875732,9817600
0.0224777739495039,-1.3483357429504395,0.0,-4.560766696929932,-5.886624813079834,9827200
0.6750411987304688,-1.3474717140197754,3.6666667461395264,7.244220733642578,6.5717902183532715,9837600
0.6724823117256165,-1.346663475036621,3.0,2.724907159805298,2.0507259368896484,9847200
0.529735267162323,-1.3416186571121216,6.0,3.053783893585205,2.2419004440307617,9856800
0.0345565602183342,-1.3449031114578247,0.0,-7.507176876068115,-8.817523956298828,9867200
0.5915583968162537,-1.3462579250335693,0.0,2.925250768661499,2.170551300048828,9876000
0.3721160888671875,-1.3461346626281738,0.0,-3.8767426013946533,-4.850761413574219,9886400
0.059846263378858566,-1.3467237949371338,0.0,-8.649962425231934,-9.936840057373047,9896000
0.04172741249203682,-1.3471041917800903,0.0,-3.8724875450134277,-5.1778645515441895,9906400
0.025321105495095253,-1.3476521968841553,0.5,-6.725444793701172,-8.047776222229004,9915200
0.012594765052199364,-1.3499598503112793,0.5,-5.113943576812744,-6.451308727264404,9925600
0.03949596732854843,-1.3473916053771973,0.0,-6.677887439727783,-7.985783100128174,9935200
0.028257353231310844,-1.3453575372695923,0.0,-7.005648612976074,-8.322749137878418,9944800
1.8293156623840332,-1.3413900136947632,11.0,21.08138656616211,21.569311141967773,9955200
0.8325624465942383,-1.343583345413208,5.5,8.898421287536621,8.38740062713623,9964800
0.02551889792084694,-1.3478790521621704,0.0,-6.061054706573486,-7.3834147453308105,9974400
0.033496957272291183,-1.3448925018310547,0.5,-6.3101725578308105,-7.621568202972412,9984000
1.0255094766616821,-1.3438329696655273,3.0,10.897826194763184,10.579503059387207,9994400
2.1785757541656494,-1.3469876050949097,0.0,27.806964874267578,28.638553619384766,10004800
